[879, 190]
[878, 191]
[877, 191]
[876, 191]
[875, 191]
[874, 191]
[873, 192]
[872, 192]
[871, 192]
[870, 192]
[869, 192]
[868, 192]
[867, 193]
[866, 193]
[865, 193]
[864, 193]
[863, 194]
[862, 194]
[861, 194]
[860, 194]
[859, 195]
[858, 195]
[857, 195]
[856, 195]
[855, 196]
[854, 196]
[853, 196]
[852, 196]
[851, 196]
[850, 197]
[849, 197]
[848, 197]
[847, 197]
[846, 198]
[845, 198]
[844, 198]
[843, 198]
[842, 199]
[841, 199]
[840, 199]
[839, 199]
[838, 199]
[837, 200]
[836, 200]
[835, 200]
[834, 200]
[833, 201]
[832, 201]
[831, 201]
[830, 201]
[829, 202]
[828, 202]
[827, 202]
[826, 202]
[825, 203]
[824, 203]
[823, 203]
[822, 203]
[821, 204]
[820, 204]
[819, 204]
[818, 204]
[817, 205]
[816, 205]
[815, 205]
[814, 205]
[813, 205]
[812, 206]
[811, 206]
[810, 206]
[809, 207]
[808, 207]
[807, 207]
[806, 207]
[805, 207]
[804, 208]
[803, 208]
[802, 208]
[801, 208]
[800, 209]
[799, 209]
[798, 209]
[797, 209]
[796, 210]
[795, 210]
[794, 210]
[793, 210]
[792, 211]
[791, 211]
[790, 211]
[789, 211]
[788, 212]
[787, 212]
[786, 212]
[785, 212]
[784, 213]
[783, 213]
[782, 213]
[781, 213]
[780, 214]
[779, 214]
[778, 214]
[777, 214]
[776, 215]
[775, 215]
[774, 215]
[773, 215]
[772, 216]
[771, 216]
[770, 216]
[769, 216]
[768, 217]
[767, 217]
[766, 217]
[765, 217]
[764, 218]
[763, 218]
[762, 218]
[761, 218]
[760, 219]
[759, 219]
[758, 219]
[757, 219]
[756, 220]
[755, 220]
[754, 220]
[753, 220]
[752, 221]
[751, 221]
[750, 221]
[749, 221]
[748, 222]
[747, 222]
[746, 222]
[745, 222]
[744, 223]
[743, 223]
[742, 223]
[741, 224]
[740, 224]
[739, 224]
[738, 224]
[737, 225]
[736, 225]
[735, 225]
[734, 225]
[733, 226]
[732, 226]
[731, 226]
[730, 226]
[729, 227]
[728, 227]
[727, 227]
[726, 228]
[725, 228]
[724, 228]
[723, 228]
[722, 229]
[721, 229]
[720, 229]
[719, 229]
[718, 230]
[717, 230]
[716, 230]
[715, 230]
[714, 231]
[713, 231]
[712, 231]
[711, 231]
[710, 232]
[709, 232]
[708, 232]
[707, 233]
[706, 233]
[705, 233]
[704, 233]
[703, 234]
[702, 234]
[701, 234]
[700, 234]
[699, 235]
[698, 235]
[697, 235]
[696, 236]
[695, 236]
[694, 236]
[693, 236]
[692, 237]
[691, 237]
[690, 237]
[689, 238]
[688, 238]
[687, 238]
[686, 238]
[685, 239]
[684, 239]
[683, 239]
[682, 240]
[681, 240]
[680, 240]
[679, 240]
[678, 241]
[677, 241]
[676, 241]
[675, 241]
[674, 242]
[673, 242]
[672, 242]
[671, 243]
[670, 243]
[669, 243]
[668, 243]
[667, 244]
[666, 244]
[665, 244]
[664, 245]
[663, 245]
[662, 245]
[661, 245]
[660, 246]
[659, 246]
[658, 246]
[657, 247]
[656, 247]
[655, 247]
[654, 247]
[653, 248]
[652, 248]
[651, 248]
[650, 249]
[649, 249]
[648, 249]
[647, 250]
[646, 250]
[645, 250]
[644, 250]
[643, 251]
[642, 251]
[641, 251]
[640, 252]
[639, 252]
[638, 252]
[637, 253]
[636, 253]
[635, 253]
[634, 254]
[633, 254]
[632, 254]
[631, 254]
[630, 255]
[629, 255]
[628, 255]
[627, 256]
[626, 256]
[625, 256]
[624, 256]
[623, 257]
[622, 257]
[621, 257]
[620, 258]
[619, 258]
[618, 258]
[617, 259]
[616, 259]
[615, 259]
[614, 260]
[613, 260]
[612, 260]
[611, 261]
[610, 261]
[609, 261]
[608, 261]
[607, 262]
[606, 262]
[605, 262]
[604, 263]
[603, 263]
[602, 263]
[601, 264]
[600, 264]
[599, 264]
[598, 265]
[597, 265]
[596, 265]
[595, 266]
[594, 266]
[593, 266]
[592, 267]
[591, 267]
[590, 267]
[589, 268]
[588, 268]
[587, 268]
[586, 269]
[585, 269]
[584, 269]
[583, 270]
[582, 270]
[581, 270]
[580, 271]
[579, 271]
[578, 271]
[577, 272]
[576, 272]
[575, 272]
[574, 273]
[573, 273]
[572, 273]
[571, 274]
[570, 274]
[569, 274]
[568, 275]
[567, 275]
[566, 275]
[565, 276]
[564, 276]
[563, 276]
[562, 277]
[561, 277]
[560, 277]
[559, 278]
[558, 278]
[557, 279]
[556, 279]
[555, 279]
[554, 280]
[553, 280]
[552, 280]
[551, 281]
[550, 281]
[549, 281]
[548, 282]
[547, 282]
[546, 282]
[545, 283]
[544, 283]
[543, 284]
[542, 284]
[541, 284]
[540, 285]
[539, 285]
[538, 285]
[537, 286]
[536, 286]
[535, 287]
[534, 287]
[533, 287]
[532, 288]
[531, 288]
[530, 288]
[529, 289]
[528, 289]
[527, 290]
[526, 290]
[525, 290]
[524, 291]
[523, 291]
[522, 292]
[521, 292]
[520, 292]
[519, 293]
[518, 293]
[517, 294]
[516, 294]
[515, 294]
[514, 295]
[513, 295]
[512, 296]
[511, 296]
[510, 296]
[509, 297]
[508, 297]
[507, 298]
[506, 298]
[505, 298]
[504, 299]
[503, 299]
[502, 300]
[501, 300]
[500, 301]
[499, 301]
[498, 301]
[497, 302]
[496, 302]
[495, 303]
[494, 303]
[493, 304]
[492, 304]
[491, 305]
[490, 305]
[489, 305]
[488, 306]
[487, 306]
[486, 307]
[485, 307]
[484, 308]
[483, 308]
[482, 309]
[481, 309]
[480, 310]
[479, 310]
[478, 310]
[477, 311]
[476, 311]
[475, 312]
[474, 312]
[473, 313]
[472, 313]
[471, 314]
[470, 314]
[469, 315]
[468, 315]
[467, 316]
[466, 316]
[465, 317]
[464, 317]
[463, 318]
[462, 318]
[461, 319]
[460, 319]
[459, 320]
[458, 320]
[457, 321]
[456, 321]
[455, 322]
[454, 322]
[453, 323]
[452, 324]
[451, 324]
[450, 325]
[449, 325]
[448, 326]
[447, 326]
[446, 327]
[445, 328]
[444, 328]
[443, 329]
[442, 329]
[441, 330]
[440, 331]
[439, 331]
[438, 332]
[437, 332]
[436, 333]
[435, 334]
[434, 334]
[433, 335]
[432, 335]
[431, 336]
[430, 337]
[429, 337]
[428, 338]
[427, 339]
[426, 339]
[425, 340]
[424, 341]
[420, 344]
[419, 345]
[418, 345]
[417, 346]
[416, 347]
[415, 348]
[414, 349]
[413, 350]
[412, 350]
[411, 351]
[410, 352]
[409, 353]
[408, 354]
[407, 355]
[406, 356]
[405, 357]
[404, 358]
[403, 359]
[402, 360]
[402, 361]
[401, 362]
[400, 363]
[399, 364]
[398, 365]
[398, 366]
[397, 367]
[396, 368]
[396, 369]
[395, 370]
[395, 371]
[394, 372]
[394, 373]
[393, 374]
[393, 375]
[392, 376]
[392, 377]
[391, 378]
[391, 379]
[391, 380]
[391, 381]
[390, 382]
[390, 383]
[390, 384]
[390, 385]
[390, 386]
[389, 387]
[389, 388]
[389, 389]
[389, 390]
[388, 391]
[388, 392]
[388, 393]
[387, 394]
[387, 395]
[386, 396]
[385, 397]
[384, 398]
[383, 399]
[382, 400]
[381, 400]
[380, 401]
[379, 401]
[378, 402]
[377, 402]
[376, 402]
[375, 402]
[374, 403]
[373, 403]
[372, 403]
[371, 403]
[370, 403]
[369, 403]
[368, 403]
[367, 403]
[366, 403]
[365, 403]
[364, 403]
[363, 403]
[362, 403]
[361, 402]
[360, 402]
[359, 402]
[358, 402]
[357, 402]
[356, 402]
[355, 401]
[354, 401]
[353, 401]
[352, 401]
[351, 400]
[350, 400]
[349, 400]
[348, 400]
[347, 399]
[346, 399]
[345, 399]
[344, 398]
[343, 398]
[342, 398]
[341, 397]
[340, 397]
[339, 396]
[338, 396]
[337, 396]
[336, 395]
[335, 395]
[334, 395]
[333, 394]
[332, 394]
[331, 393]
[330, 393]
[329, 392]
[328, 392]
[327, 392]
[326, 391]
[325, 391]
[324, 390]
[323, 390]
[322, 389]
[321, 389]
[320, 388]
[319, 388]
[318, 387]
[317, 387]
[316, 387]
[315, 386]
[314, 386]
[310, 383]
[309, 383]
[308, 383]
[307, 382]
[306, 381]
[305, 381]
[304, 380]
[303, 380]
[302, 379]
[301, 379]
[300, 378]
[299, 378]
[298, 377]
[297, 377]
[296, 376]
[295, 376]
[294, 375]
[293, 374]
[292, 374]
[291, 373]
[290, 373]
[289, 372]
[288, 372]
[287, 371]
[286, 370]
[285, 370]
[284, 369]
[283, 369]
[282, 368]
[281, 367]
[280, 367]
[279, 366]
[278, 366]
[277, 365]
[276, 364]
[275, 364]
[274, 363]
[273, 363]
[272, 362]
[271, 361]
[270, 361]
[269, 360]
[268, 360]
[267, 359]
[266, 358]
[265, 358]
[264, 357]
[263, 357]
[262, 356]
[261, 355]
[260, 355]
[259, 354]
[258, 353]
[257, 353]
[256, 352]
[255, 351]
[254, 351]
[253, 350]
[252, 349]
[251, 349]
[250, 348]
[249, 348]
[248, 347]
[247, 346]
[246, 346]
[245, 345]
[244, 344]
[243, 344]
[242, 343]
[241, 342]
[240, 342]
[239, 341]
[238, 340]
[237, 340]
[236, 339]
[235, 338]
[234, 338]
[233, 337]
[232, 336]
[231, 336]
[230, 335]
[229, 334]
[228, 334]
[227, 333]
[226, 332]
[225, 332]
[224, 331]
[223, 330]
[222, 330]
[221, 329]
[220, 328]
[219, 327]
[218, 327]
[217, 326]
[216, 325]
[215, 325]
[214, 324]
[213, 323]
[212, 323]
[211, 322]
[210, 321]
[209, 321]
[208, 320]
[207, 319]
[206, 319]
[205, 318]
[204, 317]
[203, 316]
[202, 316]
[201, 315]
[200, 314]
[199, 314]
[198, 313]
[197, 312]
[196, 311]
[195, 311]
[194, 310]
[193, 309]
[192, 309]
[191, 308]
[190, 307]
[189, 306]
[188, 306]
[187, 305]
[186, 304]
[185, 304]
[184, 303]
[183, 302]
[182, 301]
[181, 301]
[180, 300]
[179, 299]
[178, 299]
[177, 298]
[176, 297]
[175, 296]
[174, 296]
[173, 295]
[172, 294]
[171, 293]
[170, 293]
[169, 292]
[168, 291]
[167, 290]
[166, 290]
[165, 289]
[164, 288]
[163, 288]
[162, 287]
[161, 286]
[160, 285]
[159, 285]
[158, 284]
[157, 283]
[156, 282]
[155, 282]
[154, 281]
[153, 280]
[152, 279]
[151, 279]
[150, 278]
[149, 277]
[148, 276]
[147, 276]
[146, 275]
[145, 274]
[144, 273]
[143, 273]
[142, 272]
[141, 271]
[140, 270]
[139, 270]
[138, 269]
[137, 268]
[136, 267]
[135, 267]
[134, 266]
[133, 265]
[132, 264]
[131, 264]
[130, 263]
[129, 262]
[128, 261]
[127, 261]
[126, 260]
[125, 259]
[124, 258]
[123, 258]
[122, 257]
[121, 256]
[120, 255]
[119, 254]
[118, 254]
[117, 253]
[116, 252]
[115, 251]
[114, 251]
[113, 250]
[112, 249]
[111, 248]
[110, 248]
[109, 247]
[108, 246]
[107, 245]
[106, 244]
[105, 244]
[104, 243]
[103, 242]
[102, 241]
[101, 241]
[100, 240]
[99, 239]
[98, 238]
[97, 237]
[96, 237]
[95, 236]
[94, 235]
[93, 234]
[92, 234]
[91, 233]
[90, 232]
[89, 231]
[88, 230]
[87, 230]
[86, 229]
[85, 228]
[84, 227]
[83, 227]
[82, 226]
[81, 225]
[80, 224]
[79, 223]
[78, 223]
[77, 222]
[76, 221]
[75, 220]
[74, 220]
[73, 219]
[72, 218]
[71, 217]
[70, 216]
[69, 216]
[68, 215]
[67, 214]
[66, 213]
[65, 212]
[64, 212]
[63, 211]
[62, 210]
[61, 209]
[60, 208]
[59, 208]
[58, 207]
[57, 206]
[56, 205]
[55, 204]
[54, 204]
[53, 203]
[52, 202]
[51, 201]
[50, 200]
[49, 200]
[48, 199]
[47, 198]
[46, 197]
[45, 197]
[44, 196]
[43, 195]
[42, 194]
[41, 193]
[40, 192]
[39, 192]
[38, 191]
[37, 190]
[36, 189]
[35, 188]
[34, 188]
[33, 187]
[32, 186]
[31, 185]
[30, 184]
[29, 184]
[28, 183]
[27, 182]
[26, 181]
[25, 180]
[24, 180]
[23, 179]
[22, 178]
[21, 177]
[20, 176]
[19, 176]
[18, 175]
[17, 174]
[16, 173]
[15, 172]
[14, 172]
[13, 171]
[12, 170]
[11, 169]
[10, 168]
[9, 167]
[8, 167]
[7, 166]
[6, 165]
[5, 164]
[4, 163]
[3, 163]
[2, 162]
[1, 161]
[0, 161]
[0, 160]
