0
1.1071487177940904
0.4636476090008061
0.7853981633974483
0.4636476090008061
0.7853981633974483
0.7853981633974483
0.4636476090008061
0.7853981633974483
0.4636476090008061
0.7853981633974483
0.7853981633974483
0.4636476090008061
0.7853981633974483
0.7853981633974483
0.4636476090008061
0.7853981633974483
0.4636476090008061
0.7853981633974483
0.7853981633974483
0.4636476090008061
0.7853981633974483
0.4636476090008061
0.7853981633974483
0.7853981633974483
0.4636476090008061
0.7853981633974483
0.4636476090008061
0.7853981633974483
0.7853981633974483
0.4636476090008061
0.7853981633974483
0.4636476090008061
0.7853981633974483
0.7853981633974483
0.4636476090008061
0.7853981633974483
0.4636476090008061
0.7853981633974483
0.4636476090008061
0.7853981633974483
0.7853981633974483
0.4636476090008061
0.7853981633974483
0.4636476090008061
0.7853981633974483
0.4636476090008061
0.7853981633974483
0.7853981633974483
0.4636476090008061
0.7853981633974483
0.4636476090008061
0.7853981633974483
0.4636476090008061
0.7853981633974483
0.4636476090008061
0.7853981633974483
0.4636476090008061
0.7853981633974483
0.4636476090008061
0.7853981633974483
0.4636476090008061
0.7853981633974483
0.7853981633974483
0.4636476090008061
0.7853981633974483
0.4636476090008061
0.7853981633974483
0.4636476090008061
0.7853981633974483
0.4636476090008061
0.7853981633974483
0.4636476090008061
0.7853981633974483
0.4636476090008061
0.7853981633974483
0.4636476090008061
0.7853981633974483
0.4636476090008061
0.7853981633974483
0.4636476090008061
0.7853981633974483
0.4636476090008061
0.7853981633974483
0.4636476090008061
0.7853981633974483
0.4636476090008061
0.4636476090008061
0.7853981633974483
0.4636476090008061
0.7853981633974483
0.4636476090008061
0.7853981633974483
0.4636476090008061
0.7853981633974483
0.4636476090008061
0.4636476090008061
0.7853981633974483
0.4636476090008061
0.7853981633974483
0.4636476090008061
0.7853981633974483
0.4636476090008061
0.4636476090008061
0.7853981633974483
0.4636476090008061
0.7853981633974483
0.4636476090008061
0.4636476090008061
0.7853981633974483
0.4636476090008061
0.4636476090008061
0.7853981633974483
0.4636476090008061
0.7853981633974483
0.4636476090008061
0.4636476090008061
0.7853981633974483
0.4636476090008061
0.4636476090008061
0.7853981633974483
0.4636476090008061
0.4636476090008061
0.7853981633974483
0.4636476090008061
0.4636476090008061
0.4636476090008061
0.7853981633974483
0.4636476090008061
0.4636476090008061
0.7853981633974483
0.4636476090008061
0.4636476090008061
0.4636476090008061
0.7853981633974483
0.4636476090008061
0.4636476090008061
0.4636476090008061
0.4636476090008061
0.7853981633974483
0.4636476090008061
0.4636476090008061
0.4636476090008061
0.4636476090008061
0.7853981633974483
0.4636476090008061
0.4636476090008061
0.4636476090008061
0.4636476090008061
0.4636476090008061
0.4636476090008061
0.4636476090008061
0.4636476090008061
0.7853981633974483
0.4636476090008061
0.4636476090008061
0.0
0.7853981633974483
0.4636476090008061
0.4636476090008061
0.4636476090008061
0.4636476090008061
0.0
0.4636476090008061
0.4636476090008061
0.4636476090008061
0.4636476090008061
0.4636476090008061
0.4636476090008061
0.0
0.4636476090008061
0.4636476090008061
0.4636476090008061
0.0
0.4636476090008061
0.0
0.4636476090008061
0.4636476090008061
0.0
0.0
0.4636476090008061
0.0
0.0
0.4636476090008061
0.0
0.0
0.0
-0.4636476090008061
0.0
0.0
-0.4636476090008061
-0.4636476090008061
-0.4636476090008061
-0.7853981633974483
-0.7853981633974483
-1.1071487177940904
-1.1071487177940904
-1.5707963267948966
-1.1071487177940904
-1.5707963267948966
-1.1071487177940904
-1.5707963267948966
-1.5707963267948966
-1.1071487177940904
-1.1071487177940904
-1.1071487177940904
-1.1071487177940904
-1.1071487177940904
-1.1071487177940904
-1.1071487177940904
-0.7853981633974483
-0.7853981633974483
-1.1071487177940904
-0.7853981633974483
-0.7853981633974483
-0.7853981633974483
-0.7853981633974483
-0.7853981633974483
-0.4636476090008061
-0.7853981633974483
-0.7853981633974483
-0.4636476090008061
-0.7853981633974483
-0.4636476090008061
-0.7853981633974483
-0.4636476090008061
-0.4636476090008061
-0.7853981633974483
-0.4636476090008061
-0.4636476090008061
-0.4636476090008061
-0.4636476090008061
-0.7853981633974483
-0.4636476090008061
-0.4636476090008061
-0.4636476090008061
-0.4636476090008061
-0.4636476090008061
-0.4636476090008061
-0.7853981633974483
-0.4636476090008061
-0.4636476090008061
-0.4636476090008061
-0.4636476090008061
-0.4636476090008061
-0.4636476090008061
-0.4636476090008061
-0.4636476090008061
-0.4636476090008061
-0.4636476090008061
-0.4636476090008061
0.0
-0.4636476090008061
-0.4636476090008061
-0.4636476090008061
-0.4636476090008061
-0.4636476090008061
-0.4636476090008061
-0.4636476090008061
-0.4636476090008061
0.0
-0.4636476090008061
-0.4636476090008061
-0.4636476090008061
-0.4636476090008061
-0.4636476090008061
0.0
-0.4636476090008061
-0.4636476090008061
-0.4636476090008061
-0.4636476090008061
0.0
-0.4636476090008061
-0.4636476090008061
-0.4636476090008061
-0.4636476090008061
0.0
-0.4636476090008061
-0.4636476090008061
-0.4636476090008061
0.0
-0.4636476090008061
-0.4636476090008061
-0.4636476090008061
0.0
-0.4636476090008061
-0.4636476090008061
0.0
-0.4636476090008061
-0.4636476090008061
-0.4636476090008061
0.0
-0.4636476090008061
-0.4636476090008061
0.0
-0.4636476090008061
-0.4636476090008061
0.0
-0.4636476090008061
-0.4636476090008061
0.0
-0.4636476090008061
-0.4636476090008061
0.0
-0.4636476090008061
-0.4636476090008061
0.0
-0.4636476090008061
-0.4636476090008061
0.0
-0.4636476090008061
-0.4636476090008061
0.0
-0.4636476090008061
-0.4636476090008061
0.0
-0.4636476090008061
0.0
-0.4636476090008061
-0.4636476090008061
0.0
-0.4636476090008061
-0.4636476090008061
0.0
-0.4636476090008061
0.0
-0.4636476090008061
-0.4636476090008061
0.0
-0.4636476090008061
0.0
-0.4636476090008061
-0.4636476090008061
0.0
-0.4636476090008061
0.0
-0.4636476090008061
-0.4636476090008061
0.0
-0.4636476090008061
0.0
-0.4636476090008061
0.0
-0.4636476090008061
-0.4636476090008061
0.0
-0.4636476090008061
0.0
-0.4636476090008061
-0.4636476090008061
0.0
-0.4636476090008061
0.0
-0.4636476090008061
0.0
-0.4636476090008061
0.0
-0.4636476090008061
0.0
-0.4636476090008061
-0.4636476090008061
0.0
-0.4636476090008061
0.0
-0.4636476090008061
0.0
-0.4636476090008061
0.0
-0.4636476090008061
0.0
-0.4636476090008061
-0.4636476090008061
0.0
-0.4636476090008061
0.0
-0.4636476090008061
0.0
-0.4636476090008061
0.0
-0.4636476090008061
0.0
-0.4636476090008061
0.0
-0.4636476090008061
0.0
-0.4636476090008061
0.0
-0.4636476090008061
0.0
-0.4636476090008061
0.0
-0.4636476090008061
0.0
-0.4636476090008061
0.0
-0.4636476090008061
0.0
-0.4636476090008061
0.0
-0.4636476090008061
0.0
-0.4636476090008061
0.0
-0.4636476090008061
0.0
-0.4636476090008061
0.0
-0.4636476090008061
-0.4636476090008061
0.0
0.0
-0.4636476090008061
0.0
-0.4636476090008061
0.0
-0.4636476090008061
0.0
-0.4636476090008061
0.0
-0.4636476090008061
0.0
-0.4636476090008061
0.0
-0.4636476090008061
0.0
-0.4636476090008061
0.0
-0.4636476090008061
0.0
-0.4636476090008061
0.0
0.0
-0.4636476090008061
0.0
-0.4636476090008061
0.0
-0.4636476090008061
0.0
-0.4636476090008061
0.0
-0.4636476090008061
0.0
-0.4636476090008061
0.0
-0.4636476090008061
0.0
-0.4636476090008061
0.4636476090008061
1.5707963267948966
-0.4636476090008061
-0.4636476090008061
-0.7853981633974483
-1.5707963267948966
