------------------------0
[420, 343]
[419, 344]
[418, 345]
[417, 346]
[416, 346]
[415, 347]
[414, 348]
[413, 349]
[412, 350]
[411, 351]
[410, 352]
[409, 353]
[408, 354]
[407, 354]
[406, 355]
[405, 356]
[404, 357]
[404, 358]
[403, 359]
[402, 360]
[401, 361]
[400, 362]
[399, 363]
[399, 364]
[398, 365]
[397, 366]
[397, 367]
[396, 368]
[395, 369]
[395, 370]
[394, 371]
[394, 372]
[393, 373]
[393, 374]
[392, 375]
[392, 376]
[391, 377]
[391, 378]
[391, 379]
[391, 380]
[390, 381]
[390, 382]
[390, 383]
[390, 384]
[390, 385]
[389, 386]
[389, 387]
[389, 388]
[389, 389]
[388, 390]
[388, 391]
[388, 392]
[387, 393]
[387, 394]
[386, 395]
[385, 396]
[385, 397]
[384, 398]
[383, 398]
[382, 399]
[381, 400]
[380, 400]
[379, 401]
[378, 401]
[377, 402]
[376, 402]
[375, 402]
[374, 402]
[373, 403]
[372, 403]
[371, 403]
[370, 403]
[369, 403]
[368, 403]
[367, 403]
[366, 403]
[365, 403]
[364, 403]
[363, 403]
[362, 402]
[361, 402]
[360, 402]
[359, 402]
[358, 402]
[357, 402]
[356, 401]
[355, 401]
[354, 401]
[353, 401]
[352, 400]
[351, 400]
[350, 400]
[349, 400]
[348, 399]
[347, 399]
[346, 399]
[345, 398]
[344, 398]
[343, 398]
[342, 397]
[341, 397]
[340, 396]
[339, 396]
[338, 396]
[337, 395]
[336, 395]
[335, 395]
[334, 394]
[333, 394]
[332, 393]
[331, 393]
[330, 392]
[329, 392]
[328, 392]
[327, 391]
[326, 391]
[325, 390]
[324, 390]
[323, 389]
[322, 389]
[321, 388]
[320, 388]
[319, 387]
[318, 387]
[317, 387]
[316, 386]
[315, 386]
[314, 385]
[313, 385]
[313, 386]
[314, 386]
[315, 387]
[316, 387]
[317, 388]
[318, 388]
[319, 389]
[320, 389]
[321, 390]
[322, 390]
[323, 390]
[324, 391]
[325, 391]
[326, 392]
[327, 392]
[328, 393]
[329, 393]
[330, 394]
[331, 394]
[332, 394]
[333, 395]
[334, 395]
[335, 396]
[336, 396]
[337, 396]
[338, 397]
[339, 397]
[340, 397]
[341, 398]
[342, 398]
[343, 399]
[344, 399]
[345, 399]
[346, 400]
[347, 400]
[348, 400]
[349, 400]
[350, 401]
[351, 401]
[352, 401]
[353, 402]
[354, 402]
[355, 402]
[356, 402]
[357, 402]
[358, 403]
[359, 403]
[360, 403]
[361, 403]
[362, 403]
[363, 403]
[364, 404]
[365, 404]
[366, 404]
[367, 404]
[368, 404]
[369, 404]
[370, 404]
[371, 404]
[372, 404]
[373, 403]
[374, 403]
[375, 403]
[376, 403]
[377, 403]
[378, 402]
[379, 402]
[380, 402]
[381, 401]
[382, 400]
[383, 400]
[384, 399]
[385, 398]
[386, 397]
[387, 396]
[387, 395]
[388, 394]
[388, 393]
[389, 392]
[389, 391]
[389, 390]
[390, 389]
[390, 388]
[390, 387]
[390, 386]
[390, 385]
[391, 384]
[391, 383]
[391, 382]
[391, 381]
[391, 380]
[392, 379]
[392, 378]
[392, 377]
[393, 376]
[393, 375]
[394, 374]
[394, 373]
[395, 372]
[395, 371]
[396, 370]
[396, 369]
[397, 368]
[398, 367]
[398, 366]
[399, 365]
[400, 364]
[401, 363]
[402, 362]
[402, 361]
[403, 360]
[404, 359]
[405, 358]
[406, 357]
[407, 356]
[408, 355]
[409, 354]
[410, 353]
[411, 352]
[412, 351]
[413, 350]
[414, 350]
[415, 349]
[416, 348]
[417, 347]
[418, 346]
[419, 345]
[420, 345]
[421, 344]
------------------------0
[872, 188]
[871, 189]
[872, 190]
[872, 191]
[871, 192]
[870, 192]
[869, 192]
[868, 192]
[867, 192]
[866, 193]
[865, 193]
[864, 193]
[863, 193]
[862, 194]
[861, 194]
[860, 194]
[859, 194]
[858, 195]
[857, 195]
[856, 195]
[855, 195]
[854, 196]
[853, 196]
[852, 196]
[851, 196]
[850, 196]
[849, 197]
[848, 197]
[847, 197]
[846, 197]
[845, 198]
[844, 198]
[843, 198]
[842, 198]
[841, 199]
[840, 199]
[839, 199]
[838, 199]
[837, 199]
[836, 200]
[835, 200]
[834, 200]
[833, 200]
[832, 201]
[831, 201]
[830, 201]
[829, 201]
[828, 202]
[827, 202]
[826, 202]
[825, 202]
[824, 203]
[823, 203]
[822, 203]
[821, 203]
[820, 204]
[819, 204]
[818, 204]
[817, 204]
[816, 205]
[815, 205]
[814, 205]
[813, 205]
[812, 205]
[811, 206]
[810, 206]
[809, 206]
[808, 207]
[807, 207]
[806, 207]
[805, 207]
[804, 207]
[803, 208]
[802, 208]
[801, 208]
[800, 208]
[799, 209]
[798, 209]
[797, 209]
[796, 209]
[795, 210]
[794, 210]
[793, 210]
[792, 210]
[791, 211]
[790, 211]
[789, 211]
[788, 211]
[787, 212]
[786, 212]
[785, 212]
[784, 212]
[783, 213]
[782, 213]
[781, 213]
[780, 213]
[779, 214]
[778, 214]
[777, 214]
[776, 214]
[775, 215]
[774, 215]
[773, 215]
[772, 215]
[771, 216]
[770, 216]
[769, 216]
[768, 216]
[767, 217]
[766, 217]
[765, 217]
[764, 217]
[763, 218]
[762, 218]
[761, 218]
[760, 218]
[759, 219]
[758, 219]
[757, 219]
[756, 219]
[755, 220]
[754, 220]
[753, 220]
[752, 220]
[751, 221]
[750, 221]
[749, 221]
[748, 221]
[747, 222]
[746, 222]
[745, 222]
[744, 222]
[743, 223]
[742, 223]
[741, 223]
[740, 224]
[739, 224]
[738, 224]
[737, 224]
[736, 225]
[735, 225]
[734, 225]
[733, 225]
[732, 226]
[731, 226]
[730, 226]
[729, 226]
[728, 227]
[727, 227]
[726, 227]
[725, 228]
[724, 228]
[723, 228]
[722, 228]
[721, 229]
[720, 229]
[719, 229]
[718, 229]
[717, 230]
[716, 230]
[715, 230]
[714, 230]
[713, 231]
[712, 231]
[711, 231]
[710, 231]
[709, 232]
[708, 232]
[707, 232]
[706, 233]
[705, 233]
[704, 233]
[703, 233]
[702, 234]
[701, 234]
[700, 234]
[699, 234]
[698, 235]
[697, 235]
[696, 235]
[695, 236]
[694, 236]
[693, 236]
[692, 236]
[691, 237]
[690, 237]
[689, 237]
[688, 238]
[687, 238]
[686, 238]
[685, 238]
[684, 239]
[683, 239]
[682, 239]
[681, 240]
[680, 240]
[679, 240]
[678, 240]
[677, 241]
[676, 241]
[675, 241]
[674, 241]
[673, 242]
[672, 242]
[671, 242]
[670, 243]
[669, 243]
[668, 243]
[667, 243]
[666, 244]
[665, 244]
[664, 244]
[663, 245]
[662, 245]
[661, 245]
[660, 245]
[659, 246]
[658, 246]
[657, 246]
[656, 247]
[655, 247]
[654, 247]
[653, 247]
[652, 248]
[651, 248]
[650, 248]
[649, 249]
[648, 249]
[647, 249]
[646, 250]
[645, 250]
[644, 250]
[643, 250]
[642, 251]
[641, 251]
[640, 251]
[639, 252]
[638, 252]
[637, 252]
[636, 253]
[635, 253]
[634, 253]
[633, 254]
[632, 254]
[631, 254]
[630, 254]
[629, 255]
[628, 255]
[627, 255]
[626, 256]
[625, 256]
[624, 256]
[623, 256]
[622, 257]
[621, 257]
[620, 257]
[619, 258]
[618, 258]
[617, 258]
[616, 259]
[615, 259]
[614, 259]
[613, 260]
[612, 260]
[611, 260]
[610, 261]
[609, 261]
[608, 261]
[607, 261]
[606, 262]
[605, 262]
[604, 262]
[603, 263]
[602, 263]
[601, 263]
[600, 264]
[599, 264]
[598, 264]
[597, 265]
[596, 265]
[595, 265]
[594, 266]
[593, 266]
[592, 266]
[591, 267]
[590, 267]
[589, 267]
[588, 268]
[587, 268]
[586, 268]
[585, 269]
[584, 269]
[583, 269]
[582, 270]
[581, 270]
[580, 270]
[579, 271]
[578, 271]
[577, 271]
[576, 272]
[575, 272]
[574, 272]
[573, 273]
[572, 273]
[571, 273]
[570, 274]
[569, 274]
[568, 274]
[567, 275]
[566, 275]
[565, 275]
[564, 276]
[563, 276]
[562, 276]
[561, 277]
[560, 277]
[559, 277]
[558, 278]
[557, 278]
[556, 279]
[555, 279]
[554, 279]
[553, 280]
[552, 280]
[551, 280]
[550, 281]
[549, 281]
[548, 281]
[547, 282]
[546, 282]
[545, 282]
[544, 283]
[543, 283]
[542, 284]
[541, 284]
[540, 284]
[539, 285]
[538, 285]
[537, 285]
[536, 286]
[535, 286]
[534, 287]
[533, 287]
[532, 287]
[531, 288]
[530, 288]
[529, 288]
[528, 289]
[527, 289]
[526, 290]
[525, 290]
[524, 290]
[523, 291]
[522, 291]
[521, 292]
[520, 292]
[519, 292]
[518, 293]
[517, 293]
[516, 294]
[515, 294]
[514, 294]
[513, 295]
[512, 295]
[511, 296]
[510, 296]
[509, 296]
[508, 297]
[507, 297]
[506, 298]
[505, 298]
[504, 298]
[503, 299]
[502, 299]
[501, 300]
[500, 300]
[499, 301]
[498, 301]
[497, 301]
[496, 302]
[495, 302]
[494, 303]
[493, 303]
[492, 304]
[491, 304]
[490, 305]
[489, 305]
[488, 305]
[487, 306]
[486, 306]
[485, 307]
[484, 307]
[483, 308]
[482, 308]
[481, 309]
[480, 309]
[479, 310]
[478, 310]
[477, 310]
[476, 311]
[475, 311]
[474, 312]
[473, 312]
[472, 313]
[471, 313]
[470, 314]
[469, 314]
[468, 315]
[467, 315]
[466, 316]
[465, 316]
[464, 317]
[463, 317]
[462, 318]
[461, 318]
[460, 319]
[459, 319]
[458, 320]
[457, 320]
[456, 321]
[455, 321]
[454, 322]
[453, 322]
[452, 323]
[451, 324]
[450, 324]
[449, 325]
[448, 325]
[447, 326]
[446, 326]
[445, 327]
[444, 328]
[443, 328]
[442, 329]
[441, 329]
[440, 330]
[439, 331]
[438, 331]
[437, 332]
[436, 332]
[435, 333]
[434, 334]
[433, 334]
[432, 335]
[431, 336]
[430, 336]
[429, 337]
[428, 338]
[427, 338]
[426, 339]
[425, 340]
[424, 340]
[423, 341]
[423, 342]
[424, 342]
[425, 341]
[426, 340]
[427, 339]
[428, 339]
[429, 338]
[430, 337]
[431, 337]
[432, 336]
[433, 335]
[434, 335]
[435, 334]
[436, 334]
[437, 333]
[438, 332]
[439, 332]
[440, 331]
[441, 331]
[442, 330]
[443, 329]
[444, 329]
[445, 328]
[446, 328]
[447, 327]
[448, 326]
[449, 326]
[450, 325]
[451, 325]
[452, 324]
[453, 324]
[454, 323]
[455, 323]
[456, 322]
[457, 321]
[458, 321]
[459, 320]
[460, 320]
[461, 319]
[462, 319]
[463, 318]
[464, 318]
[465, 317]
[466, 317]
[467, 316]
[468, 316]
[469, 315]
[470, 315]
[471, 314]
[472, 314]
[473, 313]
[474, 313]
[475, 312]
[476, 312]
[477, 311]
[478, 311]
[479, 310]
[480, 310]
[481, 310]
[482, 309]
[483, 309]
[484, 308]
[485, 308]
[486, 307]
[487, 307]
[488, 306]
[489, 306]
[490, 306]
[491, 305]
[492, 305]
[493, 304]
[494, 304]
[495, 303]
[496, 303]
[497, 302]
[498, 302]
[499, 302]
[500, 301]
[501, 301]
[502, 300]
[503, 300]
[504, 299]
[505, 299]
[506, 299]
[507, 298]
[508, 298]
[509, 297]
[510, 297]
[511, 297]
[512, 296]
[513, 296]
[514, 295]
[515, 295]
[516, 295]
[517, 294]
[518, 294]
[519, 293]
[520, 293]
[521, 293]
[522, 292]
[523, 292]
[524, 291]
[525, 291]
[526, 291]
[527, 290]
[528, 290]
[529, 289]
[530, 289]
[531, 289]
[532, 288]
[533, 288]
[534, 288]
[535, 287]
[536, 287]
[537, 286]
[538, 286]
[539, 286]
[540, 285]
[541, 285]
[542, 285]
[543, 284]
[544, 284]
[545, 283]
[546, 283]
[547, 283]
[548, 282]
[549, 282]
[550, 282]
[551, 281]
[552, 281]
[553, 281]
[554, 280]
[555, 280]
[556, 279]
[557, 279]
[558, 279]
[559, 278]
[560, 278]
[561, 278]
[562, 277]
[563, 277]
[564, 277]
[565, 276]
[566, 276]
[567, 276]
[568, 275]
[569, 275]
[570, 275]
[571, 274]
[572, 274]
[573, 274]
[574, 273]
[575, 273]
[576, 273]
[577, 272]
[578, 272]
[579, 272]
[580, 271]
[581, 271]
[582, 271]
[583, 270]
[584, 270]
[585, 270]
[586, 269]
[587, 269]
[588, 269]
[589, 268]
[590, 268]
[591, 268]
[592, 267]
[593, 267]
[594, 267]
[595, 266]
[596, 266]
[597, 266]
[598, 265]
[599, 265]
[600, 265]
[601, 264]
[602, 264]
[603, 264]
[604, 263]
[605, 263]
[606, 263]
[607, 262]
[608, 262]
[609, 262]
[610, 262]
[611, 261]
[612, 261]
[613, 261]
[614, 260]
[615, 260]
[616, 260]
[617, 259]
[618, 259]
[619, 259]
[620, 258]
[621, 258]
[622, 258]
[623, 257]
[624, 257]
[625, 257]
[626, 256]
[627, 256]
[628, 256]
[629, 256]
[630, 255]
[631, 255]
[632, 255]
[633, 254]
[634, 254]
[635, 254]
[636, 253]
[637, 253]
[638, 253]
[639, 253]
[640, 252]
[641, 252]
[642, 252]
[643, 251]
[644, 251]
[645, 251]
[646, 251]
[647, 250]
[648, 250]
[649, 250]
[650, 249]
[651, 249]
[652, 249]
[653, 248]
[654, 248]
[655, 248]
[656, 248]
[657, 247]
[658, 247]
[659, 247]
[660, 246]
[661, 246]
[662, 246]
[663, 246]
[664, 245]
[665, 245]
[666, 245]
[667, 244]
[668, 244]
[669, 244]
[670, 244]
[671, 243]
[672, 243]
[673, 243]
[674, 242]
[675, 242]
[676, 242]
[677, 241]
[678, 241]
[679, 241]
[680, 241]
[681, 240]
[682, 240]
[683, 240]
[684, 240]
[685, 239]
[686, 239]
[687, 239]
[688, 238]
[689, 238]
[690, 238]
[691, 238]
[692, 237]
[693, 237]
[694, 237]
[695, 237]
[696, 236]
[697, 236]
[698, 236]
[699, 235]
[700, 235]
[701, 235]
[702, 235]
[703, 234]
[704, 234]
[705, 234]
[706, 234]
[707, 233]
[708, 233]
[709, 233]
[710, 232]
[711, 232]
[712, 232]
[713, 232]
[714, 231]
[715, 231]
[716, 231]
[717, 231]
[718, 230]
[719, 230]
[720, 230]
[721, 229]
[722, 229]
[723, 229]
[724, 229]
[725, 228]
[726, 228]
[727, 228]
[728, 228]
[729, 227]
[730, 227]
[731, 227]
[732, 227]
[733, 226]
[734, 226]
[735, 226]
[736, 226]
[737, 225]
[738, 225]
[739, 225]
[740, 224]
[741, 224]
[742, 224]
[743, 224]
[744, 223]
[745, 223]
[746, 223]
[747, 223]
[748, 222]
[749, 222]
[750, 222]
[751, 222]
[752, 221]
[753, 221]
[754, 221]
[755, 221]
[756, 220]
[757, 220]
[758, 220]
[759, 220]
[760, 219]
[761, 219]
[762, 219]
[763, 219]
[764, 218]
[765, 218]
[766, 218]
[767, 218]
[768, 217]
[769, 217]
[770, 217]
[771, 217]
[772, 216]
[773, 216]
[774, 216]
[775, 216]
[776, 215]
[777, 215]
[778, 215]
[779, 215]
[780, 214]
[781, 214]
[782, 214]
[783, 214]
[784, 213]
[785, 213]
[786, 213]
[787, 213]
[788, 212]
[789, 212]
[790, 212]
[791, 212]
[792, 211]
[793, 211]
[794, 211]
[795, 210]
[796, 210]
[797, 210]
[798, 210]
[799, 210]
[800, 209]
[801, 209]
[802, 209]
[803, 209]
[804, 208]
[805, 208]
[806, 208]
[807, 208]
[808, 207]
[809, 207]
[810, 207]
[811, 207]
[812, 206]
[813, 206]
[814, 206]
[815, 206]
[816, 205]
[817, 205]
[818, 205]
[819, 205]
[820, 204]
[821, 204]
[822, 204]
[823, 204]
[824, 204]
[825, 203]
[826, 203]
[827, 203]
[828, 203]
[829, 202]
[830, 202]
[831, 202]
[832, 202]
[833, 201]
[834, 201]
[835, 201]
[836, 201]
[837, 200]
[838, 200]
[839, 200]
[840, 200]
[841, 200]
[842, 199]
[843, 199]
[844, 199]
[845, 199]
[846, 198]
[847, 198]
[848, 198]
[849, 198]
[850, 197]
[851, 197]
[852, 197]
[853, 197]
[854, 196]
[855, 196]
[856, 196]
[857, 196]
[858, 196]
[859, 195]
[860, 195]
[861, 195]
[862, 195]
[863, 194]
[864, 194]
[865, 194]
[866, 194]
[867, 193]
[868, 193]
[869, 193]
[870, 193]
[871, 192]
[872, 192]
[873, 193]
[873, 194]
[873, 195]
[874, 195]
[875, 194]
[876, 193]
[877, 193]
[878, 192]
[879, 191]
[879, 190]
[878, 190]
[877, 189]
[876, 189]
[875, 189]
[874, 189]
[873, 188]
------------------------0
[0, 160]
[0, 161]
[1, 162]
[2, 162]
[3, 163]
[4, 164]
[5, 165]
[6, 166]
[7, 166]
[8, 167]
[9, 168]
[10, 169]
[11, 170]
[12, 171]
[13, 171]
[14, 172]
[15, 173]
[16, 174]
[17, 174]
[18, 175]
[19, 176]
[20, 177]
[21, 178]
[22, 179]
[23, 179]
[24, 180]
[25, 181]
[26, 182]
[27, 183]
[28, 183]
[29, 184]
[30, 185]
[31, 186]
[32, 187]
[33, 187]
[34, 188]
[35, 189]
[36, 190]
[37, 191]
[38, 191]
[39, 192]
[40, 193]
[41, 194]
[42, 195]
[43, 195]
[44, 196]
[45, 197]
[46, 198]
[47, 199]
[48, 199]
[49, 200]
[50, 201]
[51, 202]
[52, 203]
[53, 203]
[54, 204]
[55, 205]
[56, 206]
[57, 207]
[58, 207]
[59, 208]
[60, 209]
[61, 210]
[62, 211]
[63, 211]
[64, 212]
[65, 213]
[66, 214]
[67, 215]
[68, 215]
[69, 216]
[70, 217]
[71, 218]
[72, 219]
[73, 219]
[74, 220]
[75, 221]
[76, 222]
[77, 222]
[78, 223]
[79, 224]
[80, 225]
[81, 226]
[82, 226]
[83, 227]
[84, 228]
[85, 229]
[86, 229]
[87, 230]
[88, 231]
[89, 232]
[90, 233]
[91, 233]
[92, 234]
[93, 235]
[94, 236]
[95, 237]
[96, 237]
[97, 238]
[98, 239]
[99, 240]
[100, 240]
[101, 241]
[102, 242]
[103, 243]
[104, 243]
[105, 244]
[106, 245]
[107, 246]
[108, 247]
[109, 247]
[110, 248]
[111, 249]
[112, 250]
[113, 250]
[114, 251]
[115, 252]
[116, 253]
[117, 253]
[118, 254]
[119, 255]
[120, 256]
[121, 256]
[122, 257]
[123, 258]
[124, 259]
[125, 260]
[126, 260]
[127, 261]
[128, 262]
[129, 263]
[130, 263]
[131, 264]
[132, 265]
[133, 266]
[134, 266]
[135, 267]
[136, 268]
[137, 269]
[138, 269]
[139, 270]
[140, 271]
[141, 272]
[142, 273]
[143, 273]
[144, 274]
[145, 275]
[146, 276]
[147, 276]
[148, 277]
[149, 278]
[150, 278]
[151, 279]
[152, 280]
[153, 281]
[154, 281]
[155, 282]
[156, 283]
[157, 284]
[158, 284]
[159, 285]
[160, 286]
[161, 287]
[162, 287]
[163, 288]
[164, 289]
[165, 290]
[166, 290]
[167, 291]
[168, 292]
[169, 293]
[170, 293]
[171, 294]
[172, 295]
[173, 295]
[174, 296]
[175, 297]
[176, 298]
[177, 298]
[178, 299]
[179, 300]
[180, 301]
[181, 301]
[182, 302]
[183, 303]
[184, 303]
[185, 304]
[186, 305]
[187, 306]
[188, 306]
[189, 307]
[190, 308]
[191, 308]
[192, 309]
[193, 310]
[194, 311]
[195, 311]
[196, 312]
[197, 313]
[198, 313]
[199, 314]
[200, 315]
[201, 316]
[202, 316]
[203, 317]
[204, 318]
[205, 318]
[206, 319]
[207, 320]
[208, 320]
[209, 321]
[210, 322]
[211, 323]
[212, 323]
[213, 324]
[214, 325]
[215, 325]
[216, 326]
[217, 327]
[218, 327]
[219, 328]
[220, 329]
[221, 329]
[222, 330]
[223, 331]
[224, 332]
[225, 332]
[226, 333]
[227, 334]
[228, 334]
[229, 335]
[230, 336]
[231, 336]
[232, 337]
[233, 338]
[234, 338]
[235, 339]
[236, 340]
[237, 340]
[238, 341]
[239, 342]
[240, 342]
[241, 343]
[242, 344]
[243, 344]
[244, 345]
[245, 346]
[246, 346]
[247, 347]
[248, 348]
[249, 348]
[250, 349]
[251, 349]
[252, 350]
[253, 351]
[254, 351]
[255, 352]
[256, 353]
[257, 353]
[258, 354]
[259, 355]
[260, 355]
[261, 356]
[262, 356]
[263, 357]
[264, 358]
[265, 358]
[266, 359]
[267, 360]
[268, 360]
[269, 361]
[270, 361]
[271, 362]
[272, 363]
[273, 363]
[274, 364]
[275, 364]
[276, 365]
[277, 366]
[278, 366]
[279, 367]
[280, 367]
[281, 368]
[282, 369]
[283, 369]
[284, 370]
[285, 370]
[286, 371]
[287, 372]
[288, 372]
[289, 373]
[290, 373]
[291, 374]
[292, 374]
[293, 375]
[294, 376]
[295, 376]
[296, 377]
[297, 377]
[298, 378]
[299, 378]
[300, 379]
[301, 379]
[302, 380]
[303, 380]
[304, 381]
[305, 382]
[306, 382]
[307, 383]
[308, 383]
[309, 384]
[310, 384]
[311, 384]
[311, 383]
[310, 383]
[309, 383]
[308, 382]
[307, 381]
[306, 381]
[305, 380]
[304, 380]
[303, 379]
[302, 379]
[301, 378]
[300, 378]
[299, 377]
[298, 377]
[297, 376]
[296, 376]
[295, 375]
[294, 374]
[293, 374]
[292, 373]
[291, 373]
[290, 372]
[289, 372]
[288, 371]
[287, 370]
[286, 370]
[285, 369]
[284, 369]
[283, 368]
[282, 367]
[281, 367]
[280, 366]
[279, 366]
[278, 365]
[277, 364]
[276, 364]
[275, 363]
[274, 363]
[273, 362]
[272, 361]
[271, 361]
[270, 360]
[269, 360]
[268, 359]
[267, 358]
[266, 358]
[265, 357]
[264, 357]
[263, 356]
[262, 355]
[261, 355]
[260, 354]
[259, 353]
[258, 353]
[257, 352]
[256, 351]
[255, 351]
[254, 350]
[253, 349]
[252, 349]
[251, 348]
[250, 348]
[249, 347]
[248, 346]
[247, 346]
[246, 345]
[245, 344]
[244, 344]
[243, 343]
[242, 342]
[241, 342]
[240, 341]
[239, 340]
[238, 340]
[237, 339]
[236, 338]
[235, 338]
[234, 337]
[233, 336]
[232, 336]
[231, 335]
[230, 334]
[229, 334]
[228, 333]
[227, 332]
[226, 332]
[225, 331]
[224, 330]
[223, 330]
[222, 329]
[221, 328]
[220, 327]
[219, 327]
[218, 326]
[217, 325]
[216, 325]
[215, 324]
[214, 323]
[213, 323]
[212, 322]
[211, 321]
[210, 321]
[209, 320]
[208, 319]
[207, 319]
[206, 318]
[205, 317]
[204, 316]
[203, 316]
[202, 315]
[201, 314]
[200, 314]
[199, 313]
[198, 312]
[197, 311]
[196, 311]
[195, 310]
[194, 309]
[193, 309]
[192, 308]
[191, 307]
[190, 306]
[189, 306]
[188, 305]
[187, 304]
[186, 304]
[185, 303]
[184, 302]
[183, 301]
[182, 301]
[181, 300]
[180, 299]
[179, 299]
[178, 298]
[177, 297]
[176, 296]
[175, 296]
[174, 295]
[173, 294]
[172, 293]
[171, 293]
[170, 292]
[169, 291]
[168, 290]
[167, 290]
[166, 289]
[165, 288]
[164, 288]
[163, 287]
[162, 286]
[161, 285]
[160, 285]
[159, 284]
[158, 283]
[157, 282]
[156, 282]
[155, 281]
[154, 280]
[153, 279]
[152, 279]
[151, 278]
[150, 277]
[149, 276]
[148, 276]
[147, 275]
[146, 274]
[145, 273]
[144, 273]
[143, 272]
[142, 271]
[141, 270]
[140, 270]
[139, 269]
[138, 268]
[137, 267]
[136, 267]
[135, 266]
[134, 265]
[133, 264]
[132, 264]
[131, 263]
[130, 262]
[129, 261]
[128, 261]
[127, 260]
[126, 259]
[125, 258]
[124, 258]
[123, 257]
[122, 256]
[121, 255]
[120, 254]
[119, 254]
[118, 253]
[117, 252]
[116, 251]
[115, 251]
[114, 250]
[113, 249]
[112, 248]
[111, 248]
[110, 247]
[109, 246]
[108, 245]
[107, 244]
[106, 244]
[105, 243]
[104, 242]
[103, 241]
[102, 241]
[101, 240]
[100, 239]
[99, 238]
[98, 237]
[97, 237]
[96, 236]
[95, 235]
[94, 234]
[93, 234]
[92, 233]
[91, 232]
[90, 231]
[89, 230]
[88, 230]
[87, 229]
[86, 228]
[85, 227]
[84, 227]
[83, 226]
[82, 225]
[81, 224]
[80, 223]
[79, 223]
[78, 222]
[77, 221]
[76, 220]
[75, 220]
[74, 219]
[73, 218]
[72, 217]
[71, 216]
[70, 216]
[69, 215]
[68, 214]
[67, 213]
[66, 212]
[65, 212]
[64, 211]
[63, 210]
[62, 209]
[61, 208]
[60, 208]
[59, 207]
[58, 206]
[57, 205]
[56, 204]
[55, 204]
[54, 203]
[53, 202]
[52, 201]
[51, 200]
[50, 200]
[49, 199]
[48, 198]
[47, 197]
[46, 197]
[45, 196]
[44, 195]
[43, 194]
[42, 193]
[41, 192]
[40, 192]
[39, 191]
[38, 190]
[37, 189]
[36, 188]
[35, 188]
[34, 187]
[33, 186]
[32, 185]
[31, 184]
[30, 184]
[29, 183]
[28, 182]
[27, 181]
[26, 180]
[25, 180]
[24, 179]
[23, 178]
[22, 177]
[21, 176]
[20, 176]
[19, 175]
[18, 174]
[17, 173]
[16, 172]
[15, 172]
[14, 171]
[13, 170]
[12, 169]
[11, 168]
[10, 167]
[9, 167]
[8, 166]
[7, 165]
[6, 164]
[5, 163]
[4, 163]
[3, 162]
[2, 161]
[1, 160]
