[0.0, 160.0]
[1.0, 162.0]
[3.0, 163.0]
[5.0, 165.0]
[7.0, 166.0]
[9.0, 168.0]
[11.0, 170.0]
[13.0, 171.0]
[15.0, 173.0]
[17.0, 174.0]
[19.0, 176.0]
[21.0, 178.0]
[23.0, 179.0]
[25.0, 181.0]
[27.0, 183.0]
[29.0, 184.0]
[31.0, 186.0]
[33.0, 187.0]
[35.0, 189.0]
[37.0, 191.0]
[39.0, 192.0]
[41.0, 194.0]
[43.0, 195.0]
[45.0, 197.0]
[47.0, 199.0]
[49.0, 200.0]
[51.0, 202.0]
[53.0, 203.0]
[55.0, 205.0]
[57.0, 207.0]
[59.0, 208.0]
[61.0, 210.0]
[63.0, 211.0]
[65.0, 213.0]
[67.0, 215.0]
[69.0, 216.0]
[71.0, 218.0]
[73.0, 219.0]
[75.0, 221.0]
[77.0, 222.0]
[79.0, 224.0]
[81.0, 226.0]
[83.0, 227.0]
[85.0, 229.0]
[87.0, 230.0]
[89.0, 232.0]
[91.0, 233.0]
[93.0, 235.0]
[95.0, 237.0]
[97.0, 238.0]
[99.0, 240.0]
[101.0, 241.0]
[103.0, 243.0]
[105.0, 244.0]
[107.0, 246.0]
[109.0, 247.0]
[111.0, 249.0]
[113.0, 250.0]
[115.0, 252.0]
[117.0, 253.0]
[119.0, 255.0]
[121.0, 256.0]
[123.0, 258.0]
[125.0, 260.0]
[127.0, 261.0]
[129.0, 263.0]
[131.0, 264.0]
[133.0, 266.0]
[135.0, 267.0]
[137.0, 269.0]
[139.0, 270.0]
[141.0, 272.0]
[143.0, 273.0]
[145.0, 275.0]
[147.0, 276.0]
[149.0, 278.0]
[151.0, 279.0]
[153.0, 281.0]
[155.0, 282.0]
[157.0, 284.0]
[159.0, 285.0]
[161.0, 287.0]
[163.0, 288.0]
[165.0, 290.0]
[167.0, 291.0]
[169.0, 293.0]
[171.0, 294.0]
[173.0, 295.0]
[175.0, 297.0]
[177.0, 298.0]
[179.0, 300.0]
[181.0, 301.0]
[183.0, 303.0]
[185.0, 304.0]
[187.0, 306.0]
[189.0, 307.0]
[191.0, 308.0]
[193.0, 310.0]
[195.0, 311.0]
[197.0, 313.0]
[199.0, 314.0]
[201.0, 316.0]
[203.0, 317.0]
[205.0, 318.0]
[207.0, 320.0]
[209.0, 321.0]
[211.0, 323.0]
[213.0, 324.0]
[215.0, 325.0]
[217.0, 327.0]
[219.0, 328.0]
[221.0, 329.0]
[223.0, 331.0]
[225.0, 332.0]
[227.0, 334.0]
[229.0, 335.0]
[231.0, 336.0]
[233.0, 338.0]
[235.0, 339.0]
[237.0, 340.0]
[239.0, 342.0]
[241.0, 343.0]
[243.0, 344.0]
[245.0, 346.0]
[247.0, 347.0]
[249.0, 348.0]
[251.0, 349.0]
[253.0, 351.0]
[255.0, 352.0]
[257.0, 353.0]
[259.0, 355.0]
[261.0, 356.0]
[263.0, 357.0]
[265.0, 358.0]
[267.0, 360.0]
[269.0, 361.0]
[271.0, 362.0]
[273.0, 363.0]
[275.0, 364.0]
[277.0, 366.0]
[279.0, 367.0]
[281.0, 368.0]
[283.0, 369.0]
[285.0, 370.0]
[287.0, 372.0]
[289.0, 373.0]
[291.0, 374.0]
[293.0, 375.0]
[295.0, 376.0]
[297.0, 377.0]
[299.0, 378.0]
[301.0, 379.0]
[303.0, 380.0]
[305.0, 382.0]
[307.0, 383.0]
[309.0, 384.0]
[311.0, 384.0]
[313.0, 386.0]
[315.0, 387.0]
[317.0, 388.0]
[319.0, 389.0]
[321.0, 390.0]
[323.0, 390.0]
[325.0, 391.0]
[327.0, 392.0]
[329.0, 393.0]
[331.0, 394.0]
[333.0, 395.0]
[335.0, 396.0]
[337.0, 396.0]
[339.0, 397.0]
[341.0, 398.0]
[343.0, 399.0]
[345.0, 399.0]
[347.0, 400.0]
[349.0, 400.0]
[351.0, 401.0]
[353.0, 402.0]
[355.0, 402.0]
[357.0, 402.0]
[359.0, 403.0]
[361.0, 403.0]
[363.0, 403.0]
[365.0, 404.0]
[367.0, 404.0]
[369.0, 404.0]
[371.0, 404.0]
[373.0, 403.0]
[375.0, 403.0]
[377.0, 403.0]
[379.0, 402.0]
[381.0, 401.0]
[383.0, 400.0]
[385.0, 398.0]
[387.0, 396.0]
[388.0, 394.0]
[389.0, 392.0]
[389.0, 390.0]
[390.0, 388.0]
[390.0, 386.0]
[391.0, 384.0]
[391.0, 382.0]
[391.0, 380.0]
[392.0, 378.0]
[393.0, 376.0]
[394.0, 374.0]
[395.0, 372.0]
[396.0, 370.0]
[397.0, 368.0]
[398.0, 366.0]
[400.0, 364.0]
[402.0, 362.0]
[403.0, 360.0]
[405.0, 358.0]
[407.0, 356.0]
[409.0, 354.0]
[411.0, 352.0]
[413.0, 350.0]
[415.0, 349.0]
[417.0, 347.0]
[419.0, 345.0]
[421.0, 344.0]
[423.0, 342.0]
[425.0, 341.0]
[427.0, 339.0]
[429.0, 338.0]
[431.0, 337.0]
[433.0, 335.0]
[435.0, 334.0]
[437.0, 333.0]
[439.0, 332.0]
[441.0, 331.0]
[443.0, 329.0]
[445.0, 328.0]
[447.0, 327.0]
[449.0, 326.0]
[451.0, 325.0]
[453.0, 324.0]
[455.0, 323.0]
[457.0, 321.0]
[459.0, 320.0]
[461.0, 319.0]
[463.0, 318.0]
[465.0, 317.0]
[467.0, 316.0]
[469.0, 315.0]
[471.0, 314.0]
[473.0, 313.0]
[475.0, 312.0]
[477.0, 311.0]
[479.0, 310.0]
[481.0, 310.0]
[483.0, 309.0]
[485.0, 308.0]
[487.0, 307.0]
[489.0, 306.0]
[491.0, 305.0]
[493.0, 304.0]
[495.0, 303.0]
[497.0, 302.0]
[499.0, 302.0]
[501.0, 301.0]
[503.0, 300.0]
[505.0, 299.0]
[507.0, 298.0]
[509.0, 297.0]
[511.0, 297.0]
[513.0, 296.0]
[515.0, 295.0]
[517.0, 294.0]
[519.0, 293.0]
[521.0, 293.0]
[523.0, 292.0]
[525.0, 291.0]
[527.0, 290.0]
[529.0, 289.0]
[531.0, 289.0]
[533.0, 288.0]
[535.0, 287.0]
[537.0, 286.0]
[539.0, 286.0]
[541.0, 285.0]
[543.0, 284.0]
[545.0, 283.0]
[547.0, 283.0]
[549.0, 282.0]
[551.0, 281.0]
[553.0, 281.0]
[555.0, 280.0]
[557.0, 279.0]
[559.0, 278.0]
[561.0, 278.0]
[563.0, 277.0]
[565.0, 276.0]
[567.0, 276.0]
[569.0, 275.0]
[571.0, 274.0]
[573.0, 274.0]
[575.0, 273.0]
[577.0, 272.0]
[579.0, 272.0]
[581.0, 271.0]
[583.0, 270.0]
[585.0, 270.0]
[587.0, 269.0]
[589.0, 268.0]
[591.0, 268.0]
[593.0, 267.0]
[595.0, 266.0]
[597.0, 266.0]
[599.0, 265.0]
[601.0, 264.0]
[603.0, 264.0]
[605.0, 263.0]
[607.0, 262.0]
[609.0, 262.0]
[611.0, 261.0]
[613.0, 261.0]
[615.0, 260.0]
[617.0, 259.0]
[619.0, 259.0]
[621.0, 258.0]
[623.0, 257.0]
[625.0, 257.0]
[627.0, 256.0]
[629.0, 256.0]
[631.0, 255.0]
[633.0, 254.0]
[635.0, 254.0]
[637.0, 253.0]
[639.0, 253.0]
[641.0, 252.0]
[643.0, 251.0]
[645.0, 251.0]
[647.0, 250.0]
[649.0, 250.0]
[651.0, 249.0]
[653.0, 248.0]
[655.0, 248.0]
[657.0, 247.0]
[659.0, 247.0]
[661.0, 246.0]
[663.0, 246.0]
[665.0, 245.0]
[667.0, 244.0]
[669.0, 244.0]
[671.0, 243.0]
[673.0, 243.0]
[675.0, 242.0]
[677.0, 241.0]
[679.0, 241.0]
[681.0, 240.0]
[683.0, 240.0]
[685.0, 239.0]
[687.0, 239.0]
[689.0, 238.0]
[691.0, 238.0]
[693.0, 237.0]
[695.0, 237.0]
[697.0, 236.0]
[699.0, 235.0]
[701.0, 235.0]
[703.0, 234.0]
[705.0, 234.0]
[707.0, 233.0]
[709.0, 233.0]
[711.0, 232.0]
[713.0, 232.0]
[715.0, 231.0]
[717.0, 231.0]
[719.0, 230.0]
[721.0, 229.0]
[723.0, 229.0]
[725.0, 228.0]
[727.0, 228.0]
[729.0, 227.0]
[731.0, 227.0]
[733.0, 226.0]
[735.0, 226.0]
[737.0, 225.0]
[739.0, 225.0]
[741.0, 224.0]
[743.0, 224.0]
[745.0, 223.0]
[747.0, 223.0]
[749.0, 222.0]
[751.0, 222.0]
[753.0, 221.0]
[755.0, 221.0]
[757.0, 220.0]
[759.0, 220.0]
[761.0, 219.0]
[763.0, 219.0]
[765.0, 218.0]
[767.0, 218.0]
[769.0, 217.0]
[771.0, 217.0]
[773.0, 216.0]
[775.0, 216.0]
[777.0, 215.0]
[779.0, 215.0]
[781.0, 214.0]
[783.0, 214.0]
[785.0, 213.0]
[787.0, 213.0]
[789.0, 212.0]
[791.0, 212.0]
[793.0, 211.0]
[795.0, 210.0]
[797.0, 210.0]
[799.0, 210.0]
[801.0, 209.0]
[803.0, 209.0]
[805.0, 208.0]
[807.0, 208.0]
[809.0, 207.0]
[811.0, 207.0]
[813.0, 206.0]
[815.0, 206.0]
[817.0, 205.0]
[819.0, 205.0]
[821.0, 204.0]
[823.0, 204.0]
[825.0, 203.0]
[827.0, 203.0]
[829.0, 202.0]
[831.0, 202.0]
[833.0, 201.0]
[835.0, 201.0]
[837.0, 200.0]
[839.0, 200.0]
[841.0, 200.0]
[843.0, 199.0]
[845.0, 199.0]
[847.0, 198.0]
[849.0, 198.0]
[851.0, 197.0]
[853.0, 197.0]
[855.0, 196.0]
[857.0, 196.0]
[859.0, 195.0]
[861.0, 195.0]
[863.0, 194.0]
[865.0, 194.0]
[867.0, 193.0]
[869.0, 193.0]
[871.0, 192.0]
[873.0, 193.0]
[873.0, 195.0]
[875.0, 194.0]
[877.0, 193.0]
[879.0, 191.0]
[879.0, 190.0]
