[40, 510]
[41, 510]
[42, 510]
[43, 509]
[44, 509]
[45, 509]
[46, 508]
[47, 508]
[48, 507]
[49, 507]
[50, 507]
[51, 506]
[52, 506]
[53, 505]
[54, 505]
[55, 505]
[56, 504]
[57, 504]
[58, 503]
[59, 503]
[60, 503]
[61, 502]
[62, 502]
[63, 501]
[64, 501]
[65, 501]
[66, 500]
[67, 500]
[68, 500]
[69, 499]
[70, 499]
[71, 498]
[72, 498]
[73, 498]
[74, 497]
[75, 497]
[76, 496]
[77, 496]
[78, 495]
[79, 495]
[80, 495]
[81, 494]
[82, 494]
[83, 493]
[84, 493]
[85, 493]
[86, 492]
[87, 492]
[88, 491]
[89, 491]
[90, 491]
[91, 490]
[92, 490]
[93, 489]
[94, 489]
[95, 489]
[96, 488]
[97, 488]
[98, 487]
[99, 487]
[100, 487]
[101, 486]
[102, 486]
[103, 485]
[104, 485]
[105, 484]
[106, 484]
[107, 484]
[108, 483]
[109, 483]
[110, 482]
[111, 482]
[112, 482]
[113, 481]
[114, 481]
[115, 480]
[116, 480]
[117, 480]
[118, 479]
[119, 479]
[120, 478]
[121, 478]
[122, 477]
[123, 477]
[124, 477]
[125, 476]
[126, 476]
[127, 475]
[128, 475]
[129, 474]
[130, 474]
[131, 474]
[132, 473]
[133, 473]
[134, 472]
[135, 472]
[136, 471]
[137, 471]
[138, 471]
[139, 470]
[140, 470]
[141, 469]
[142, 469]
[143, 468]
[144, 468]
[145, 468]
[146, 467]
[147, 467]
[148, 466]
[149, 466]
[150, 465]
[151, 465]
[152, 465]
[153, 464]
[154, 464]
[155, 463]
[156, 463]
[157, 462]
[158, 462]
[159, 462]
[160, 461]
[161, 461]
[162, 460]
[163, 460]
[164, 459]
[165, 459]
[166, 458]
[167, 458]
[168, 457]
[169, 457]
[170, 457]
[171, 456]
[172, 456]
[173, 455]
[174, 455]
[175, 454]
[176, 454]
[177, 454]
[178, 453]
[179, 453]
[180, 452]
[181, 452]
[182, 451]
[183, 451]
[184, 450]
[185, 450]
[186, 449]
[187, 449]
[188, 449]
[189, 448]
[190, 448]
[191, 447]
[192, 447]
[193, 446]
[194, 446]
[195, 445]
[196, 445]
[197, 444]
[198, 444]
[199, 444]
[200, 443]
[201, 442]
[202, 442]
[203, 442]
[204, 441]
[205, 441]
[206, 440]
[207, 440]
[208, 439]
[209, 439]
[210, 438]
[211, 438]
[212, 437]
[213, 437]
[214, 436]
[215, 436]
[216, 435]
[217, 435]
[218, 434]
[219, 434]
[220, 434]
[221, 433]
[222, 433]
[223, 432]
[224, 432]
[225, 431]
[226, 431]
[227, 430]
[228, 430]
[229, 429]
[230, 429]
[231, 428]
[232, 428]
[233, 427]
[234, 427]
[235, 426]
[236, 426]
[237, 425]
[238, 425]
[239, 424]
[240, 424]
[241, 423]
[242, 423]
[243, 422]
[244, 422]
[245, 421]
[246, 421]
[247, 420]
[248, 420]
[249, 419]
[250, 419]
[251, 418]
[252, 418]
[253, 417]
[254, 417]
[255, 416]
[256, 416]
[257, 415]
[258, 415]
[259, 414]
[260, 414]
[261, 413]
[262, 413]
[263, 412]
[264, 412]
[265, 411]
[266, 411]
[267, 410]
[268, 410]
[269, 409]
[270, 409]
[271, 408]
[272, 407]
[273, 407]
[274, 406]
[275, 406]
[276, 405]
[277, 405]
[278, 404]
[279, 404]
[280, 403]
[281, 403]
[282, 402]
[283, 402]
[284, 401]
[285, 401]
[286, 400]
[287, 399]
[288, 399]
[289, 398]
[290, 398]
[291, 397]
[292, 397]
[293, 396]
[294, 395]
[295, 395]
[296, 394]
[297, 394]
[298, 393]
[299, 393]
[300, 392]
[301, 391]
[302, 391]
[303, 390]
[304, 390]
[305, 389]
[306, 389]
[307, 388]
[308, 387]
[309, 387]
[310, 386]
[311, 386]
[313, 383]
[314, 383]
[315, 382]
[316, 381]
[317, 381]
[318, 380]
[319, 380]
[320, 379]
[321, 379]
[322, 378]
[323, 377]
[324, 377]
[325, 376]
[326, 375]
[327, 375]
[328, 374]
[329, 373]
[330, 373]
[331, 372]
[332, 372]
[333, 371]
[334, 370]
[335, 370]
[336, 369]
[337, 368]
[338, 368]
[339, 367]
[340, 366]
[341, 366]
[342, 365]
[343, 364]
[344, 364]
[345, 363]
[346, 362]
[347, 362]
[348, 361]
[349, 360]
[350, 360]
[351, 359]
[352, 358]
[353, 358]
[354, 357]
[355, 356]
[356, 356]
[357, 355]
[358, 354]
[359, 353]
[360, 353]
[361, 352]
[362, 351]
[363, 350]
[364, 350]
[365, 349]
[366, 348]
[367, 347]
[368, 346]
[369, 346]
[370, 345]
[371, 344]
[372, 343]
[373, 343]
[374, 342]
[375, 341]
[376, 340]
[377, 339]
[378, 338]
[379, 338]
[380, 337]
[381, 336]
[382, 335]
[383, 334]
[384, 333]
[385, 332]
[386, 332]
[387, 331]
[388, 330]
[389, 329]
[391, 327]
[392, 327]
[393, 327]
[394, 326]
[395, 325]
[396, 324]
[397, 323]
[398, 322]
[399, 321]
[400, 320]
[401, 319]
[402, 318]
[402, 317]
[403, 316]
[404, 315]
[405, 314]
[406, 313]
[407, 312]
[407, 311]
[408, 310]
[409, 309]
[410, 308]
[411, 307]
[411, 306]
[412, 305]
[413, 304]
[414, 303]
[414, 302]
[415, 301]
[415, 300]
[416, 299]
[417, 298]
[417, 297]
[418, 296]
[419, 295]
[419, 294]
[420, 293]
[420, 292]
[421, 291]
[421, 290]
[422, 289]
[422, 288]
[422, 287]
[423, 286]
[423, 285]
[424, 284]
[424, 283]
[424, 282]
[425, 281]
[425, 280]
[425, 279]
[425, 278]
[426, 277]
[426, 276]
[426, 275]
[426, 274]
[426, 273]
[427, 272]
[427, 271]
[427, 270]
[427, 269]
[427, 268]
[427, 267]
[427, 266]
[427, 265]
[427, 264]
[427, 263]
[427, 262]
[427, 261]
[426, 260]
[426, 259]
[426, 258]
[426, 257]
[426, 256]
[425, 255]
[425, 254]
[425, 253]
[425, 252]
[425, 251]
[424, 250]
[424, 249]
[424, 248]
[424, 247]
[424, 246]
[424, 245]
[424, 244]
[424, 243]
[424, 242]
[424, 241]
[424, 240]
[424, 239]
[424, 238]
[424, 237]
[424, 236]
[424, 235]
[424, 234]
[424, 233]
[425, 232]
[425, 231]
[425, 230]
[425, 229]
[426, 228]
[426, 227]
[426, 226]
[427, 225]
[427, 224]
[428, 223]
[428, 222]
[428, 221]
[429, 220]
[429, 219]
[430, 218]
[430, 217]
[431, 216]
[431, 215]
[432, 214]
[433, 213]
[433, 212]
[434, 211]
[435, 210]
[435, 209]
[436, 208]
[437, 207]
[438, 206]
[438, 205]
[439, 204]
[440, 203]
[441, 202]
[442, 201]
[443, 200]
[443, 199]
[444, 198]
[445, 197]
[446, 196]
[447, 195]
[448, 195]
[449, 194]
[450, 193]
[451, 192]
[452, 191]
[453, 190]
[454, 189]
[455, 188]
[456, 187]
[457, 187]
[458, 186]
[459, 185]
[460, 184]
[461, 183]
[462, 183]
[463, 182]
[464, 181]
[465, 180]
[466, 180]
[467, 179]
[468, 178]
[469, 178]
[470, 177]
[471, 176]
[472, 175]
[473, 175]
[474, 174]
[475, 174]
[476, 173]
[477, 172]
[478, 172]
[479, 171]
[480, 170]
[481, 170]
[482, 169]
[483, 169]
[484, 168]
[485, 167]
[486, 167]
[487, 166]
[488, 166]
[489, 165]
[490, 165]
[491, 164]
[492, 163]
[493, 163]
[494, 162]
[495, 162]
[496, 161]
[497, 161]
[498, 160]
[499, 160]
[500, 159]
[501, 159]
[502, 158]
[503, 158]
[504, 157]
[505, 157]
[506, 156]
[507, 156]
[508, 155]
[509, 155]
[510, 154]
[511, 154]
[512, 153]
[513, 153]
[514, 152]
[515, 152]
[516, 151]
[517, 151]
[518, 150]
[519, 150]
[520, 149]
[521, 149]
[522, 148]
[523, 148]
[524, 148]
[525, 147]
[526, 147]
[527, 146]
[528, 146]
[529, 145]
[530, 145]
[531, 144]
[532, 144]
[533, 144]
[534, 143]
[535, 143]
[536, 142]
[537, 142]
[538, 141]
[539, 141]
[540, 141]
[541, 140]
[542, 140]
[543, 139]
[544, 139]
[545, 139]
[546, 138]
[547, 138]
[548, 137]
[549, 137]
[550, 137]
[551, 136]
[552, 136]
[553, 135]
[554, 135]
[555, 135]
[556, 134]
[557, 134]
[558, 134]
[559, 133]
[560, 133]
[561, 132]
[562, 132]
[563, 132]
[564, 131]
[565, 131]
[566, 131]
[567, 130]
[568, 130]
[569, 129]
[570, 129]
[571, 129]
[572, 128]
[573, 128]
[574, 128]
[575, 127]
[576, 127]
[577, 126]
[578, 126]
[579, 126]
[580, 126]
[581, 125]
[582, 125]
[583, 124]
[584, 124]
[585, 124]
[586, 123]
[587, 123]
[588, 123]
[589, 122]
[590, 122]
[591, 122]
[592, 121]
[593, 121]
[594, 121]
[595, 120]
[596, 120]
[597, 120]
[598, 119]
[599, 119]
[600, 119]
[601, 118]
[602, 118]
[603, 118]
[604, 117]
[605, 117]
[606, 117]
[607, 116]
[608, 116]
[609, 116]
[610, 116]
[611, 115]
[612, 115]
[613, 114]
[614, 114]
[615, 114]
[616, 114]
[617, 113]
[618, 113]
[619, 113]
[620, 112]
[621, 112]
[622, 112]
[623, 111]
[624, 111]
[625, 111]
[626, 111]
[627, 110]
[628, 110]
[629, 110]
[630, 109]
[631, 109]
[632, 109]
[633, 108]
[634, 108]
[635, 108]
[636, 108]
[637, 107]
[638, 107]
[639, 107]
[640, 106]
[641, 106]
[642, 106]
[643, 105]
[644, 105]
[645, 105]
[646, 105]
[647, 104]
[648, 104]
[649, 104]
[650, 104]
[651, 103]
[652, 103]
[653, 103]
[654, 102]
[655, 102]
[656, 102]
[657, 102]
[658, 101]
[659, 101]
[660, 101]
[661, 100]
[662, 100]
[663, 100]
[664, 100]
[665, 99]
[666, 99]
[667, 99]
[668, 99]
[669, 98]
[670, 98]
[671, 98]
[672, 97]
[673, 97]
[674, 97]
[675, 97]
[676, 96]
[677, 96]
[678, 96]
[679, 96]
[680, 95]
[681, 95]
[682, 95]
[683, 95]
[684, 94]
[685, 94]
[686, 94]
[687, 93]
[688, 93]
[689, 93]
[690, 93]
[691, 92]
[692, 92]
[693, 92]
[694, 92]
[695, 91]
[696, 91]
[697, 91]
[698, 91]
[699, 90]
[700, 90]
[701, 90]
[702, 90]
[703, 89]
[704, 89]
[705, 89]
[706, 89]
[707, 88]
[708, 88]
[709, 88]
[710, 88]
[711, 87]
[712, 87]
[713, 87]
[714, 87]
[715, 86]
[716, 86]
[717, 86]
[718, 86]
[719, 85]
[720, 85]
[721, 85]
[722, 85]
[723, 84]
[724, 84]
[725, 84]
[726, 84]
[727, 84]
[728, 83]
[729, 83]
[730, 83]
[731, 83]
[732, 82]
[733, 83]
[733, 84]
[733, 85]
[733, 86]
[734, 85]
[735, 84]
[736, 83]
[737, 83]
[738, 82]
[739, 81]
[739, 80]
