[429, 0]
[429, 1]
[428, 2]
[428, 3]
[428, 4]
[427, 5]
[427, 6]
[426, 7]
[426, 8]
[425, 9]
[425, 10]
[424, 11]
[424, 12]
[423, 13]
[423, 14]
[422, 15]
[422, 16]
[421, 17]
[421, 18]
[420, 19]
[420, 20]
[419, 21]
[419, 22]
[419, 23]
[418, 24]
[418, 25]
[417, 26]
[417, 27]
[416, 28]
[416, 29]
[415, 30]
[415, 31]
[414, 32]
[414, 33]
[413, 34]
[413, 35]
[413, 36]
[412, 37]
[412, 38]
[411, 39]
[411, 40]
[410, 41]
[410, 42]
[409, 43]
[409, 44]
[408, 45]
[408, 46]
[408, 47]
[407, 48]
[407, 49]
[406, 50]
[406, 51]
[405, 52]
[405, 53]
[404, 54]
[404, 55]
[403, 56]
[403, 57]
[403, 58]
[402, 59]
[402, 60]
[401, 61]
[401, 62]
[400, 63]
[400, 64]
[399, 65]
[399, 66]
[399, 67]
[398, 68]
[398, 69]
[397, 70]
[397, 71]
[396, 72]
[396, 73]
[396, 74]
[395, 75]
[395, 76]
[394, 77]
[394, 78]
[393, 79]
[393, 80]
[392, 81]
[392, 82]
[392, 83]
[391, 84]
[391, 85]
[390, 86]
[390, 87]
[390, 88]
[389, 89]
[389, 90]
[388, 91]
[388, 92]
[387, 93]
[387, 94]
[387, 95]
[386, 96]
[386, 97]
[385, 98]
[385, 99]
[385, 100]
[384, 101]
[384, 102]
[383, 103]
[383, 104]
[383, 105]
[382, 106]
[382, 107]
[381, 108]
[381, 109]
[380, 110]
[380, 111]
[380, 112]
[379, 113]
[379, 114]
[379, 115]
[378, 116]
[378, 117]
[377, 118]
[377, 119]
[377, 120]
[376, 121]
[376, 122]
[375, 123]
[375, 124]
[375, 125]
[374, 126]
[374, 127]
[374, 128]
[373, 129]
[373, 130]
[372, 131]
[372, 132]
[372, 133]
[371, 134]
[371, 135]
[371, 136]
[370, 137]
[370, 138]
[369, 139]
[369, 140]
[369, 141]
[368, 142]
[368, 143]
[368, 144]
[367, 145]
[367, 146]
[367, 147]
[366, 148]
[366, 149]
[366, 150]
[365, 151]
[365, 152]
[364, 153]
[364, 154]
[364, 155]
[363, 156]
[363, 157]
[363, 158]
[362, 159]
[362, 160]
[362, 161]
[361, 162]
[361, 163]
[361, 164]
[360, 165]
[360, 166]
[360, 167]
[359, 168]
[359, 169]
[359, 170]
[359, 171]
[358, 172]
[358, 173]
[358, 174]
[357, 175]
[357, 176]
[357, 177]
[356, 178]
[356, 179]
[356, 180]
[355, 181]
[355, 182]
[355, 183]
[355, 184]
[354, 185]
[354, 186]
[354, 187]
[353, 188]
[353, 189]
[353, 190]
[353, 191]
[352, 192]
[352, 193]
[352, 194]
[352, 195]
[351, 196]
[351, 197]
[351, 198]
[350, 199]
[350, 200]
[350, 201]
[350, 202]
[349, 203]
[349, 204]
[349, 205]
[349, 206]
[348, 207]
[348, 208]
[348, 209]
[348, 210]
[347, 211]
[347, 212]
[347, 213]
[347, 214]
[347, 215]
[346, 216]
[346, 217]
[346, 218]
[346, 219]
[346, 220]
[345, 221]
[345, 222]
[345, 223]
[345, 224]
[345, 225]
[344, 226]
[344, 227]
[344, 228]
[344, 229]
[344, 230]
[343, 231]
[343, 232]
[343, 233]
[343, 234]
[343, 235]
[343, 236]
[343, 237]
[342, 238]
[342, 239]
[342, 240]
[342, 241]
[342, 242]
[342, 243]
[342, 244]
[342, 245]
[341, 246]
[341, 247]
[341, 248]
[341, 249]
[341, 250]
[341, 251]
[341, 252]
[341, 253]
[341, 254]
[341, 255]
[341, 256]
[341, 257]
[341, 258]
[341, 259]
[341, 260]
[341, 261]
[341, 262]
[341, 263]
[340, 264]
[340, 265]
[340, 266]
[341, 267]
[340, 268]
[341, 269]
[341, 270]
[341, 271]
[341, 272]
[341, 273]
[341, 274]
[341, 275]
[341, 276]
[341, 277]
[341, 278]
[341, 279]
[342, 280]
[342, 281]
[342, 282]
[342, 283]
[342, 284]
[342, 285]
[343, 286]
[343, 287]
[343, 288]
[343, 289]
[344, 290]
[344, 291]
[344, 292]
[345, 293]
[345, 294]
[345, 295]
[346, 296]
[346, 297]
[347, 298]
[347, 299]
[347, 300]
[348, 301]
[348, 302]
[349, 303]
[350, 304]
[350, 305]
[351, 306]
[352, 307]
[352, 308]
[353, 309]
[354, 310]
[355, 311]
[356, 312]
[357, 313]
[358, 314]
[359, 315]
[360, 315]
[361, 316]
[362, 317]
[363, 317]
[364, 318]
[365, 318]
[366, 319]
[367, 319]
[368, 320]
[369, 320]
[370, 320]
[371, 321]
[372, 321]
[373, 322]
[374, 322]
[375, 322]
[376, 323]
[377, 323]
[378, 324]
[379, 324]
[380, 324]
[381, 325]
[382, 325]
[383, 326]
[384, 326]
[385, 326]
[386, 327]
[387, 327]
[388, 328]
[392, 329]
[392, 330]
[393, 330]
[394, 330]
[395, 331]
[396, 331]
[397, 332]
[398, 332]
[399, 333]
[400, 333]
[401, 333]
[402, 334]
[403, 334]
[404, 335]
[405, 335]
[406, 336]
[407, 336]
[408, 337]
[409, 337]
[410, 338]
[411, 338]
[412, 339]
[413, 339]
[414, 339]
[415, 340]
[416, 340]
[417, 341]
[418, 341]
[419, 342]
[420, 342]
[423, 343]
[423, 344]
[424, 344]
[425, 345]
[426, 345]
[427, 346]
[428, 346]
[429, 347]
[430, 347]
[431, 348]
[432, 348]
[433, 349]
[434, 349]
[435, 350]
[436, 350]
[437, 351]
[438, 351]
[439, 352]
[440, 352]
[441, 353]
[442, 353]
[443, 354]
[444, 354]
[445, 355]
[446, 355]
[447, 356]
[448, 356]
[449, 357]
[450, 357]
[451, 358]
[452, 358]
[453, 359]
[454, 359]
[455, 360]
[456, 360]
[457, 361]
[458, 361]
[459, 362]
[460, 362]
[461, 363]
[462, 363]
[463, 364]
[464, 364]
[465, 365]
[466, 365]
[467, 366]
[468, 366]
[469, 367]
[470, 367]
[471, 368]
[472, 368]
[473, 369]
[474, 370]
[475, 370]
[476, 370]
[477, 371]
[478, 372]
[479, 372]
[480, 373]
[481, 373]
[482, 374]
[483, 374]
[484, 375]
[485, 375]
[486, 376]
[487, 376]
[488, 377]
[489, 377]
[490, 378]
[491, 378]
[492, 379]
[493, 379]
[494, 380]
[495, 380]
[496, 381]
[497, 382]
[498, 382]
[499, 383]
[500, 383]
[501, 384]
[502, 384]
[503, 385]
[504, 385]
[505, 386]
[506, 386]
[507, 387]
[508, 387]
[509, 388]
[510, 388]
[511, 389]
[512, 390]
[513, 390]
[514, 391]
[515, 391]
[516, 392]
[517, 392]
[518, 393]
[519, 393]
[520, 394]
[521, 394]
[522, 395]
[523, 396]
[524, 396]
[525, 397]
[526, 397]
[527, 398]
[528, 398]
[529, 399]
[530, 399]
[531, 400]
[532, 400]
[533, 401]
[534, 401]
[535, 402]
[536, 403]
[537, 403]
[538, 404]
[539, 404]
[540, 405]
[541, 405]
[542, 406]
[543, 406]
[544, 407]
[545, 407]
[546, 408]
[547, 408]
[548, 409]
[549, 410]
[550, 410]
[551, 411]
[552, 411]
[553, 412]
[554, 412]
[555, 413]
[556, 413]
[557, 414]
[558, 415]
[559, 415]
[560, 416]
[561, 416]
[562, 417]
[563, 417]
[564, 418]
[565, 418]
[566, 419]
[567, 419]
[568, 420]
[569, 421]
[570, 421]
[571, 422]
[572, 422]
[573, 423]
[574, 423]
[575, 424]
[576, 425]
[577, 425]
[578, 426]
[579, 426]
[580, 427]
[581, 427]
[582, 428]
[583, 428]
[584, 429]
[585, 429]
[586, 430]
[587, 431]
[588, 431]
[589, 432]
[590, 432]
[591, 433]
[592, 433]
[593, 434]
[594, 435]
[595, 435]
[596, 436]
[597, 436]
[598, 437]
[599, 437]
[600, 438]
[601, 439]
[602, 439]
[603, 440]
[604, 440]
[605, 441]
[606, 441]
[607, 442]
[608, 442]
[609, 443]
[610, 444]
[611, 444]
[612, 445]
[613, 445]
[614, 446]
[615, 446]
[616, 447]
[617, 447]
[618, 448]
[619, 449]
[620, 449]
[621, 450]
[622, 450]
[623, 451]
[624, 451]
[625, 452]
[626, 453]
[627, 453]
[628, 454]
[629, 454]
[630, 455]
[631, 455]
[632, 456]
[633, 457]
[634, 457]
[635, 458]
[636, 458]
[637, 459]
[638, 459]
[639, 460]
[640, 460]
[641, 461]
[642, 462]
[643, 462]
[644, 463]
[645, 463]
[646, 464]
[647, 464]
[648, 465]
[649, 466]
[650, 466]
[651, 467]
[652, 467]
[653, 468]
[654, 468]
[655, 469]
[656, 470]
[657, 470]
[658, 471]
[659, 471]
[660, 472]
[661, 472]
[662, 473]
[663, 474]
[664, 474]
[665, 475]
[666, 475]
[667, 476]
[668, 476]
[669, 477]
[670, 478]
[671, 478]
[672, 479]
[673, 479]
[674, 480]
[675, 480]
[676, 481]
[677, 482]
[678, 482]
[679, 483]
[680, 483]
[681, 484]
[682, 484]
[683, 485]
[684, 486]
[685, 486]
[686, 487]
[687, 487]
[688, 488]
[689, 489]
[690, 489]
[691, 490]
[692, 490]
[693, 491]
[694, 491]
[695, 492]
[696, 492]
[697, 493]
[698, 494]
[699, 494]
[700, 495]
[701, 495]
[702, 496]
[703, 497]
[702, 498]
[701, 498]
[701, 499]
[702, 499]
[703, 500]
[704, 500]
[705, 500]
[706, 500]
[707, 500]
[708, 500]
[709, 500]
