------------------------1
[310, 385]
[309, 386]
[308, 386]
[307, 387]
[306, 387]
[305, 388]
[304, 389]
[303, 389]
[302, 390]
[301, 390]
[300, 391]
[299, 391]
[298, 392]
[297, 393]
[296, 393]
[295, 394]
[294, 394]
[293, 395]
[292, 395]
[291, 396]
[290, 396]
[289, 397]
[288, 398]
[287, 398]
[286, 399]
[285, 399]
[284, 400]
[283, 400]
[282, 401]
[281, 402]
[280, 402]
[279, 403]
[278, 403]
[277, 404]
[276, 404]
[275, 405]
[274, 405]
[273, 406]
[272, 406]
[271, 407]
[270, 407]
[269, 408]
[268, 408]
[267, 409]
[266, 409]
[265, 410]
[264, 411]
[263, 411]
[262, 412]
[261, 412]
[260, 413]
[259, 413]
[258, 414]
[257, 414]
[256, 415]
[255, 415]
[254, 416]
[253, 416]
[252, 417]
[251, 417]
[250, 418]
[249, 418]
[248, 419]
[247, 419]
[246, 420]
[245, 420]
[244, 421]
[243, 421]
[242, 422]
[241, 422]
[240, 423]
[239, 423]
[238, 424]
[237, 424]
[236, 425]
[235, 425]
[234, 426]
[233, 426]
[232, 427]
[231, 427]
[230, 428]
[229, 428]
[228, 429]
[227, 429]
[226, 430]
[225, 430]
[224, 430]
[223, 431]
[222, 432]
[221, 432]
[220, 432]
[219, 433]
[218, 433]
[217, 434]
[216, 434]
[215, 435]
[214, 435]
[213, 436]
[212, 436]
[211, 437]
[210, 437]
[209, 438]
[208, 438]
[207, 439]
[206, 439]
[205, 440]
[204, 440]
[203, 440]
[202, 441]
[201, 441]
[200, 442]
[199, 442]
[198, 443]
[197, 443]
[196, 444]
[195, 444]
[194, 445]
[193, 445]
[192, 446]
[191, 446]
[190, 447]
[189, 447]
[188, 447]
[187, 448]
[186, 448]
[185, 449]
[184, 449]
[183, 450]
[182, 450]
[181, 451]
[180, 451]
[179, 451]
[178, 452]
[177, 452]
[176, 453]
[175, 453]
[174, 454]
[173, 454]
[172, 455]
[171, 455]
[170, 456]
[169, 456]
[168, 456]
[167, 457]
[166, 457]
[165, 458]
[164, 458]
[163, 459]
[162, 459]
[161, 459]
[160, 460]
[159, 460]
[158, 461]
[157, 461]
[156, 462]
[155, 462]
[154, 463]
[153, 463]
[152, 463]
[151, 464]
[150, 464]
[149, 465]
[148, 465]
[147, 466]
[146, 466]
[145, 466]
[144, 467]
[143, 467]
[142, 468]
[141, 468]
[140, 469]
[139, 469]
[138, 469]
[137, 470]
[136, 470]
[135, 471]
[134, 471]
[133, 472]
[132, 472]
[131, 472]
[130, 473]
[129, 473]
[128, 474]
[127, 474]
[126, 475]
[125, 475]
[124, 475]
[123, 476]
[122, 476]
[121, 477]
[120, 477]
[119, 478]
[118, 478]
[117, 478]
[116, 479]
[115, 479]
[114, 480]
[113, 480]
[112, 481]
[111, 481]
[110, 481]
[109, 482]
[108, 482]
[107, 483]
[106, 483]
[105, 483]
[104, 484]
[103, 484]
[102, 485]
[101, 485]
[100, 485]
[99, 486]
[98, 486]
[97, 487]
[96, 487]
[95, 488]
[94, 488]
[93, 488]
[92, 489]
[91, 489]
[90, 490]
[89, 490]
[88, 490]
[87, 491]
[86, 491]
[85, 492]
[84, 492]
[83, 492]
[82, 493]
[81, 493]
[80, 494]
[79, 494]
[78, 494]
[77, 495]
[76, 495]
[75, 496]
[74, 496]
[73, 496]
[72, 497]
[71, 497]
[70, 498]
[69, 498]
[68, 498]
[67, 499]
[66, 499]
[65, 500]
[64, 500]
[63, 500]
[62, 501]
[61, 501]
[60, 502]
[59, 502]
[58, 502]
[57, 503]
[56, 503]
[55, 504]
[54, 504]
[53, 504]
[52, 505]
[51, 505]
[50, 506]
[49, 506]
[48, 506]
[47, 507]
[46, 507]
[45, 507]
[44, 508]
[43, 508]
[42, 509]
[41, 509]
[40, 509]
[40, 510]
[41, 510]
[42, 510]
[43, 509]
[44, 509]
[45, 509]
[46, 508]
[47, 508]
[48, 507]
[49, 507]
[50, 507]
[51, 506]
[52, 506]
[53, 505]
[54, 505]
[55, 505]
[56, 504]
[57, 504]
[58, 503]
[59, 503]
[60, 503]
[61, 502]
[62, 502]
[63, 501]
[64, 501]
[65, 501]
[66, 500]
[67, 500]
[68, 500]
[69, 499]
[70, 499]
[71, 498]
[72, 498]
[73, 498]
[74, 497]
[75, 497]
[76, 496]
[77, 496]
[78, 495]
[79, 495]
[80, 495]
[81, 494]
[82, 494]
[83, 493]
[84, 493]
[85, 493]
[86, 492]
[87, 492]
[88, 491]
[89, 491]
[90, 491]
[91, 490]
[92, 490]
[93, 489]
[94, 489]
[95, 489]
[96, 488]
[97, 488]
[98, 487]
[99, 487]
[100, 487]
[101, 486]
[102, 486]
[103, 485]
[104, 485]
[105, 484]
[106, 484]
[107, 484]
[108, 483]
[109, 483]
[110, 482]
[111, 482]
[112, 482]
[113, 481]
[114, 481]
[115, 480]
[116, 480]
[117, 480]
[118, 479]
[119, 479]
[120, 478]
[121, 478]
[122, 477]
[123, 477]
[124, 477]
[125, 476]
[126, 476]
[127, 475]
[128, 475]
[129, 474]
[130, 474]
[131, 474]
[132, 473]
[133, 473]
[134, 472]
[135, 472]
[136, 471]
[137, 471]
[138, 471]
[139, 470]
[140, 470]
[141, 469]
[142, 469]
[143, 468]
[144, 468]
[145, 468]
[146, 467]
[147, 467]
[148, 466]
[149, 466]
[150, 465]
[151, 465]
[152, 465]
[153, 464]
[154, 464]
[155, 463]
[156, 463]
[157, 462]
[158, 462]
[159, 462]
[160, 461]
[161, 461]
[162, 460]
[163, 460]
[164, 459]
[165, 459]
[166, 458]
[167, 458]
[168, 457]
[169, 457]
[170, 457]
[171, 456]
[172, 456]
[173, 455]
[174, 455]
[175, 454]
[176, 454]
[177, 454]
[178, 453]
[179, 453]
[180, 452]
[181, 452]
[182, 451]
[183, 451]
[184, 450]
[185, 450]
[186, 449]
[187, 449]
[188, 449]
[189, 448]
[190, 448]
[191, 447]
[192, 447]
[193, 446]
[194, 446]
[195, 445]
[196, 445]
[197, 444]
[198, 444]
[199, 444]
[200, 443]
[201, 442]
[202, 442]
[203, 442]
[204, 441]
[205, 441]
[206, 440]
[207, 440]
[208, 439]
[209, 439]
[210, 438]
[211, 438]
[212, 437]
[213, 437]
[214, 436]
[215, 436]
[216, 435]
[217, 435]
[218, 434]
[219, 434]
[220, 434]
[221, 433]
[222, 433]
[223, 432]
[224, 432]
[225, 431]
[226, 431]
[227, 430]
[228, 430]
[229, 429]
[230, 429]
[231, 428]
[232, 428]
[233, 427]
[234, 427]
[235, 426]
[236, 426]
[237, 425]
[238, 425]
[239, 424]
[240, 424]
[241, 423]
[242, 423]
[243, 422]
[244, 422]
[245, 421]
[246, 421]
[247, 420]
[248, 420]
[249, 419]
[250, 419]
[251, 418]
[252, 418]
[253, 417]
[254, 417]
[255, 416]
[256, 416]
[257, 415]
[258, 415]
[259, 414]
[260, 414]
[261, 413]
[262, 413]
[263, 412]
[264, 412]
[265, 411]
[266, 411]
[267, 410]
[268, 410]
[269, 409]
[270, 409]
[271, 408]
[272, 407]
[273, 407]
[274, 406]
[275, 406]
[276, 405]
[277, 405]
[278, 404]
[279, 404]
[280, 403]
[281, 403]
[282, 402]
[283, 402]
[284, 401]
[285, 401]
[286, 400]
[287, 399]
[288, 399]
[289, 398]
[290, 398]
[291, 397]
[292, 397]
[293, 396]
[294, 395]
[295, 395]
[296, 394]
[297, 394]
[298, 393]
[299, 393]
[300, 392]
[301, 391]
[302, 391]
[303, 390]
[304, 390]
[305, 389]
[306, 389]
[307, 388]
[308, 387]
[309, 387]
[310, 386]
[311, 386]
------------------------1
[389, 329]
[388, 330]
[387, 331]
[386, 332]
[385, 332]
[384, 333]
[383, 334]
[382, 335]
[381, 336]
[380, 337]
[379, 338]
[378, 338]
[377, 339]
[376, 340]
[375, 341]
[374, 342]
[373, 343]
[372, 343]
[371, 344]
[370, 345]
[369, 346]
[368, 346]
[367, 347]
[366, 348]
[365, 349]
[364, 350]
[363, 350]
[362, 351]
[361, 352]
[360, 353]
[359, 353]
[358, 354]
[357, 355]
[356, 356]
[355, 356]
[354, 357]
[353, 358]
[352, 358]
[351, 359]
[350, 360]
[349, 360]
[348, 361]
[347, 362]
[346, 362]
[345, 363]
[344, 364]
[343, 364]
[342, 365]
[341, 366]
[340, 366]
[339, 367]
[338, 368]
[337, 368]
[336, 369]
[335, 370]
[334, 370]
[333, 371]
[332, 372]
[331, 372]
[330, 373]
[329, 373]
[328, 374]
[327, 375]
[326, 375]
[325, 376]
[324, 377]
[323, 377]
[322, 378]
[321, 379]
[320, 379]
[319, 380]
[318, 380]
[317, 381]
[316, 381]
[315, 382]
[314, 383]
[313, 383]
[314, 384]
[315, 383]
[316, 383]
[317, 382]
[318, 381]
[319, 381]
[320, 380]
[321, 380]
[322, 379]
[323, 378]
[324, 378]
[325, 377]
[326, 377]
[327, 376]
[328, 375]
[329, 375]
[330, 374]
[331, 373]
[332, 373]
[333, 372]
[334, 372]
[335, 371]
[336, 370]
[337, 370]
[338, 369]
[339, 368]
[340, 368]
[341, 367]
[342, 366]
[343, 366]
[344, 365]
[345, 364]
[346, 364]
[347, 363]
[348, 362]
[349, 362]
[350, 361]
[351, 360]
[352, 360]
[353, 359]
[354, 358]
[355, 357]
[356, 357]
[357, 356]
[358, 355]
[359, 355]
[360, 354]
[361, 353]
[362, 352]
[363, 352]
[364, 351]
[365, 350]
[366, 350]
[367, 349]
[368, 348]
[369, 347]
[370, 346]
[371, 346]
[372, 345]
[373, 344]
[374, 343]
[375, 343]
[376, 342]
[377, 341]
[378, 340]
[379, 339]
[380, 338]
[381, 338]
[382, 337]
[383, 336]
[384, 335]
[385, 334]
[386, 333]
[387, 332]
[388, 331]
[389, 330]
------------------------1
[731, 78]
[731, 79]
[732, 80]
[732, 81]
[731, 82]
[730, 82]
[729, 82]
[728, 82]
[727, 83]
[726, 83]
[725, 83]
[724, 83]
[723, 84]
[722, 84]
[721, 84]
[720, 84]
[719, 84]
[718, 85]
[717, 85]
[716, 85]
[715, 86]
[714, 86]
[713, 86]
[712, 86]
[711, 86]
[710, 87]
[709, 87]
[708, 87]
[707, 87]
[706, 88]
[705, 88]
[704, 88]
[703, 88]
[702, 89]
[701, 89]
[700, 89]
[699, 89]
[698, 90]
[697, 90]
[696, 90]
[695, 90]
[694, 91]
[693, 91]
[692, 91]
[691, 91]
[690, 92]
[689, 92]
[688, 92]
[687, 93]
[686, 93]
[685, 93]
[684, 93]
[683, 94]
[682, 94]
[681, 94]
[680, 94]
[679, 95]
[678, 95]
[677, 95]
[676, 95]
[675, 96]
[674, 96]
[673, 96]
[672, 96]
[671, 97]
[670, 97]
[669, 97]
[668, 98]
[667, 98]
[666, 98]
[665, 98]
[664, 99]
[663, 99]
[662, 99]
[661, 99]
[660, 100]
[659, 100]
[658, 100]
[657, 101]
[656, 101]
[655, 101]
[654, 101]
[653, 102]
[652, 102]
[651, 102]
[650, 103]
[649, 103]
[648, 103]
[647, 103]
[646, 104]
[645, 104]
[644, 104]
[643, 105]
[642, 105]
[641, 105]
[640, 105]
[639, 106]
[638, 106]
[637, 106]
[636, 107]
[635, 107]
[634, 107]
[633, 107]
[632, 108]
[631, 108]
[630, 108]
[629, 109]
[628, 109]
[627, 109]
[626, 110]
[625, 110]
[624, 110]
[623, 110]
[622, 111]
[621, 111]
[620, 111]
[619, 112]
[618, 112]
[617, 112]
[616, 113]
[615, 113]
[614, 113]
[613, 114]
[612, 114]
[611, 114]
[610, 114]
[609, 115]
[608, 115]
[607, 115]
[606, 116]
[605, 116]
[604, 116]
[603, 117]
[602, 117]
[601, 117]
[600, 118]
[599, 118]
[598, 118]
[597, 119]
[596, 119]
[595, 119]
[594, 120]
[593, 120]
[592, 120]
[591, 121]
[590, 121]
[589, 121]
[588, 122]
[587, 122]
[586, 122]
[585, 123]
[584, 123]
[583, 123]
[582, 124]
[581, 124]
[580, 124]
[579, 125]
[578, 125]
[577, 126]
[576, 126]
[575, 126]
[574, 127]
[573, 127]
[572, 127]
[571, 128]
[570, 128]
[569, 128]
[568, 129]
[567, 129]
[566, 129]
[565, 130]
[564, 130]
[563, 131]
[562, 131]
[561, 131]
[560, 132]
[559, 132]
[558, 133]
[557, 133]
[556, 133]
[555, 134]
[554, 134]
[553, 134]
[552, 135]
[551, 135]
[550, 136]
[549, 136]
[548, 136]
[547, 137]
[546, 137]
[545, 138]
[544, 138]
[543, 138]
[542, 139]
[541, 139]
[540, 140]
[539, 140]
[538, 140]
[537, 141]
[536, 141]
[535, 142]
[534, 142]
[533, 142]
[532, 143]
[531, 143]
[530, 144]
[529, 144]
[528, 145]
[527, 145]
[526, 146]
[525, 146]
[524, 146]
[523, 147]
[522, 147]
[521, 148]
[520, 148]
[519, 149]
[518, 149]
[517, 150]
[516, 150]
[515, 151]
[514, 151]
[513, 152]
[512, 152]
[511, 152]
[510, 153]
[509, 153]
[508, 154]
[507, 154]
[506, 155]
[505, 155]
[504, 156]
[503, 156]
[502, 157]
[501, 158]
[500, 158]
[499, 158]
[498, 159]
[497, 160]
[496, 160]
[495, 161]
[494, 161]
[493, 162]
[492, 162]
[491, 163]
[490, 163]
[489, 164]
[488, 164]
[487, 165]
[486, 166]
[485, 166]
[484, 167]
[483, 167]
[482, 168]
[481, 169]
[480, 169]
[479, 170]
[478, 170]
[477, 171]
[476, 172]
[475, 172]
[474, 173]
[473, 174]
[472, 174]
[471, 175]
[470, 176]
[469, 176]
[468, 177]
[467, 178]
[466, 178]
[465, 179]
[464, 180]
[463, 181]
[462, 181]
[461, 182]
[460, 183]
[459, 184]
[458, 184]
[457, 185]
[456, 186]
[455, 187]
[454, 188]
[453, 188]
[452, 189]
[451, 190]
[450, 191]
[449, 192]
[448, 193]
[447, 194]
[446, 195]
[445, 196]
[444, 197]
[443, 198]
[442, 199]
[441, 200]
[440, 201]
[439, 202]
[439, 203]
[438, 204]
[437, 205]
[436, 206]
[435, 207]
[435, 208]
[434, 209]
[433, 210]
[433, 211]
[432, 212]
[431, 213]
[431, 214]
[430, 215]
[430, 216]
[429, 217]
[429, 218]
[428, 219]
[428, 220]
[427, 221]
[427, 222]
[426, 223]
[426, 224]
[426, 225]
[425, 226]
[425, 227]
[425, 228]
[425, 229]
[424, 230]
[424, 231]
[424, 232]
[424, 233]
[423, 234]
[423, 235]
[423, 236]
[423, 237]
[423, 238]
[423, 239]
[423, 240]
[423, 241]
[423, 242]
[423, 243]
[423, 244]
[423, 245]
[423, 246]
[423, 247]
[423, 248]
[423, 249]
[423, 250]
[424, 251]
[424, 252]
[424, 253]
[424, 254]
[425, 255]
[425, 256]
[425, 257]
[425, 258]
[425, 259]
[426, 260]
[426, 261]
[426, 262]
[426, 263]
[426, 264]
[426, 265]
[426, 266]
[426, 267]
[426, 268]
[426, 269]
[426, 270]
[426, 271]
[426, 272]
[426, 273]
[425, 274]
[425, 275]
[425, 276]
[425, 277]
[424, 278]
[424, 279]
[424, 280]
[424, 281]
[423, 282]
[423, 283]
[423, 284]
[422, 285]
[422, 286]
[421, 287]
[421, 288]
[420, 289]
[420, 290]
[420, 291]
[419, 292]
[419, 293]
[418, 294]
[417, 295]
[417, 296]
[416, 297]
[416, 298]
[415, 299]
[414, 300]
[414, 301]
[413, 302]
[412, 303]
[412, 304]
[411, 305]
[410, 306]
[409, 307]
[409, 308]
[408, 309]
[407, 310]
[406, 311]
[405, 312]
[404, 313]
[403, 314]
[403, 315]
[402, 316]
[401, 317]
[400, 318]
[399, 319]
[398, 320]
[397, 321]
[396, 322]
[395, 323]
[394, 324]
[393, 325]
[392, 326]
[391, 327]
[392, 327]
[393, 327]
[394, 326]
[395, 325]
[396, 324]
[397, 323]
[398, 322]
[399, 321]
[400, 320]
[401, 319]
[402, 318]
[402, 317]
[403, 316]
[404, 315]
[405, 314]
[406, 313]
[407, 312]
[407, 311]
[408, 310]
[409, 309]
[410, 308]
[411, 307]
[411, 306]
[412, 305]
[413, 304]
[414, 303]
[414, 302]
[415, 301]
[415, 300]
[416, 299]
[417, 298]
[417, 297]
[418, 296]
[419, 295]
[419, 294]
[420, 293]
[420, 292]
[421, 291]
[421, 290]
[422, 289]
[422, 288]
[422, 287]
[423, 286]
[423, 285]
[424, 284]
[424, 283]
[424, 282]
[425, 281]
[425, 280]
[425, 279]
[425, 278]
[426, 277]
[426, 276]
[426, 275]
[426, 274]
[426, 273]
[427, 272]
[427, 271]
[427, 270]
[427, 269]
[427, 268]
[427, 267]
[427, 266]
[427, 265]
[427, 264]
[427, 263]
[427, 262]
[427, 261]
[426, 260]
[426, 259]
[426, 258]
[426, 257]
[426, 256]
[425, 255]
[425, 254]
[425, 253]
[425, 252]
[425, 251]
[424, 250]
[424, 249]
[424, 248]
[424, 247]
[424, 246]
[424, 245]
[424, 244]
[424, 243]
[424, 242]
[424, 241]
[424, 240]
[424, 239]
[424, 238]
[424, 237]
[424, 236]
[424, 235]
[424, 234]
[424, 233]
[425, 232]
[425, 231]
[425, 230]
[425, 229]
[426, 228]
[426, 227]
[426, 226]
[427, 225]
[427, 224]
[428, 223]
[428, 222]
[428, 221]
[429, 220]
[429, 219]
[430, 218]
[430, 217]
[431, 216]
[431, 215]
[432, 214]
[433, 213]
[433, 212]
[434, 211]
[435, 210]
[435, 209]
[436, 208]
[437, 207]
[438, 206]
[438, 205]
[439, 204]
[440, 203]
[441, 202]
[442, 201]
[443, 200]
[443, 199]
[444, 198]
[445, 197]
[446, 196]
[447, 195]
[448, 195]
[449, 194]
[450, 193]
[451, 192]
[452, 191]
[453, 190]
[454, 189]
[455, 188]
[456, 187]
[457, 187]
[458, 186]
[459, 185]
[460, 184]
[461, 183]
[462, 183]
[463, 182]
[464, 181]
[465, 180]
[466, 180]
[467, 179]
[468, 178]
[469, 178]
[470, 177]
[471, 176]
[472, 175]
[473, 175]
[474, 174]
[475, 174]
[476, 173]
[477, 172]
[478, 172]
[479, 171]
[480, 170]
[481, 170]
[482, 169]
[483, 169]
[484, 168]
[485, 167]
[486, 167]
[487, 166]
[488, 166]
[489, 165]
[490, 165]
[491, 164]
[492, 163]
[493, 163]
[494, 162]
[495, 162]
[496, 161]
[497, 161]
[498, 160]
[499, 160]
[500, 159]
[501, 159]
[502, 158]
[503, 158]
[504, 157]
[505, 157]
[506, 156]
[507, 156]
[508, 155]
[509, 155]
[510, 154]
[511, 154]
[512, 153]
[513, 153]
[514, 152]
[515, 152]
[516, 151]
[517, 151]
[518, 150]
[519, 150]
[520, 149]
[521, 149]
[522, 148]
[523, 148]
[524, 148]
[525, 147]
[526, 147]
[527, 146]
[528, 146]
[529, 145]
[530, 145]
[531, 144]
[532, 144]
[533, 144]
[534, 143]
[535, 143]
[536, 142]
[537, 142]
[538, 141]
[539, 141]
[540, 141]
[541, 140]
[542, 140]
[543, 139]
[544, 139]
[545, 139]
[546, 138]
[547, 138]
[548, 137]
[549, 137]
[550, 137]
[551, 136]
[552, 136]
[553, 135]
[554, 135]
[555, 135]
[556, 134]
[557, 134]
[558, 134]
[559, 133]
[560, 133]
[561, 132]
[562, 132]
[563, 132]
[564, 131]
[565, 131]
[566, 131]
[567, 130]
[568, 130]
[569, 129]
[570, 129]
[571, 129]
[572, 128]
[573, 128]
[574, 128]
[575, 127]
[576, 127]
[577, 126]
[578, 126]
[579, 126]
[580, 126]
[581, 125]
[582, 125]
[583, 124]
[584, 124]
[585, 124]
[586, 123]
[587, 123]
[588, 123]
[589, 122]
[590, 122]
[591, 122]
[592, 121]
[593, 121]
[594, 121]
[595, 120]
[596, 120]
[597, 120]
[598, 119]
[599, 119]
[600, 119]
[601, 118]
[602, 118]
[603, 118]
[604, 117]
[605, 117]
[606, 117]
[607, 116]
[608, 116]
[609, 116]
[610, 116]
[611, 115]
[612, 115]
[613, 114]
[614, 114]
[615, 114]
[616, 114]
[617, 113]
[618, 113]
[619, 113]
[620, 112]
[621, 112]
[622, 112]
[623, 111]
[624, 111]
[625, 111]
[626, 111]
[627, 110]
[628, 110]
[629, 110]
[630, 109]
[631, 109]
[632, 109]
[633, 108]
[634, 108]
[635, 108]
[636, 108]
[637, 107]
[638, 107]
[639, 107]
[640, 106]
[641, 106]
[642, 106]
[643, 105]
[644, 105]
[645, 105]
[646, 105]
[647, 104]
[648, 104]
[649, 104]
[650, 104]
[651, 103]
[652, 103]
[653, 103]
[654, 102]
[655, 102]
[656, 102]
[657, 102]
[658, 101]
[659, 101]
[660, 101]
[661, 100]
[662, 100]
[663, 100]
[664, 100]
[665, 99]
[666, 99]
[667, 99]
[668, 99]
[669, 98]
[670, 98]
[671, 98]
[672, 97]
[673, 97]
[674, 97]
[675, 97]
[676, 96]
[677, 96]
[678, 96]
[679, 96]
[680, 95]
[681, 95]
[682, 95]
[683, 95]
[684, 94]
[685, 94]
[686, 94]
[687, 93]
[688, 93]
[689, 93]
[690, 93]
[691, 92]
[692, 92]
[693, 92]
[694, 92]
[695, 91]
[696, 91]
[697, 91]
[698, 91]
[699, 90]
[700, 90]
[701, 90]
[702, 90]
[703, 89]
[704, 89]
[705, 89]
[706, 89]
[707, 88]
[708, 88]
[709, 88]
[710, 88]
[711, 87]
[712, 87]
[713, 87]
[714, 87]
[715, 86]
[716, 86]
[717, 86]
[718, 86]
[719, 85]
[720, 85]
[721, 85]
[722, 85]
[723, 84]
[724, 84]
[725, 84]
[726, 84]
[727, 84]
[728, 83]
[729, 83]
[730, 83]
[731, 83]
[732, 82]
[733, 83]
[733, 84]
[733, 85]
[733, 86]
[734, 85]
[735, 84]
[736, 83]
[737, 83]
[738, 82]
[739, 81]
[739, 80]
[738, 80]
[737, 79]
[736, 79]
[735, 79]
[734, 79]
[733, 78]
[732, 78]
