[0, 160]
[0, 161]
[1, 162]
[2, 162]
[3, 163]
[4, 164]
[5, 165]
[6, 166]
[7, 166]
[8, 167]
[9, 168]
[10, 169]
[11, 170]
[12, 171]
[13, 171]
[14, 172]
[15, 173]
[16, 174]
[17, 174]
[18, 175]
[19, 176]
[20, 177]
[21, 178]
[22, 179]
[23, 179]
[24, 180]
[25, 181]
[26, 182]
[27, 183]
[28, 183]
[29, 184]
[30, 185]
[31, 186]
[32, 187]
[33, 187]
[34, 188]
[35, 189]
[36, 190]
[37, 191]
[38, 191]
[39, 192]
[40, 193]
[41, 194]
[42, 195]
[43, 195]
[44, 196]
[45, 197]
[46, 198]
[47, 199]
[48, 199]
[49, 200]
[50, 201]
[51, 202]
[52, 203]
[53, 203]
[54, 204]
[55, 205]
[56, 206]
[57, 207]
[58, 207]
[59, 208]
[60, 209]
[61, 210]
[62, 211]
[63, 211]
[64, 212]
[65, 213]
[66, 214]
[67, 215]
[68, 215]
[69, 216]
[70, 217]
[71, 218]
[72, 219]
[73, 219]
[74, 220]
[75, 221]
[76, 222]
[77, 222]
[78, 223]
[79, 224]
[80, 225]
[81, 226]
[82, 226]
[83, 227]
[84, 228]
[85, 229]
[86, 229]
[87, 230]
[88, 231]
[89, 232]
[90, 233]
[91, 233]
[92, 234]
[93, 235]
[94, 236]
[95, 237]
[96, 237]
[97, 238]
[98, 239]
[99, 240]
[100, 240]
[101, 241]
[102, 242]
[103, 243]
[104, 243]
[105, 244]
[106, 245]
[107, 246]
[108, 247]
[109, 247]
[110, 248]
[111, 249]
[112, 250]
[113, 250]
[114, 251]
[115, 252]
[116, 253]
[117, 253]
[118, 254]
[119, 255]
[120, 256]
[121, 256]
[122, 257]
[123, 258]
[124, 259]
[125, 260]
[126, 260]
[127, 261]
[128, 262]
[129, 263]
[130, 263]
[131, 264]
[132, 265]
[133, 266]
[134, 266]
[135, 267]
[136, 268]
[137, 269]
[138, 269]
[139, 270]
[140, 271]
[141, 272]
[142, 273]
[143, 273]
[144, 274]
[145, 275]
[146, 276]
[147, 276]
[148, 277]
[149, 278]
[150, 278]
[151, 279]
[152, 280]
[153, 281]
[154, 281]
[155, 282]
[156, 283]
[157, 284]
[158, 284]
[159, 285]
[160, 286]
[161, 287]
[162, 287]
[163, 288]
[164, 289]
[165, 290]
[166, 290]
[167, 291]
[168, 292]
[169, 293]
[170, 293]
[171, 294]
[172, 295]
[173, 295]
[174, 296]
[175, 297]
[176, 298]
[177, 298]
[178, 299]
[179, 300]
[180, 301]
[181, 301]
[182, 302]
[183, 303]
[184, 303]
[185, 304]
[186, 305]
[187, 306]
[188, 306]
[189, 307]
[190, 308]
[191, 308]
[192, 309]
[193, 310]
[194, 311]
[195, 311]
[196, 312]
[197, 313]
[198, 313]
[199, 314]
[200, 315]
[201, 316]
[202, 316]
[203, 317]
[204, 318]
[205, 318]
[206, 319]
[207, 320]
[208, 320]
[209, 321]
[210, 322]
[211, 323]
[212, 323]
[213, 324]
[214, 325]
[215, 325]
[216, 326]
[217, 327]
[218, 327]
[219, 328]
[220, 329]
[221, 329]
[222, 330]
[223, 331]
[224, 332]
[225, 332]
[226, 333]
[227, 334]
[228, 334]
[229, 335]
[230, 336]
[231, 336]
[232, 337]
[233, 338]
[234, 338]
[235, 339]
[236, 340]
[237, 340]
[238, 341]
[239, 342]
[240, 342]
[241, 343]
[242, 344]
[243, 344]
[244, 345]
[245, 346]
[246, 346]
[247, 347]
[248, 348]
[249, 348]
[250, 349]
[251, 349]
[252, 350]
[253, 351]
[254, 351]
[255, 352]
[256, 353]
[257, 353]
[258, 354]
[259, 355]
[260, 355]
[261, 356]
[262, 356]
[263, 357]
[264, 358]
[265, 358]
[266, 359]
[267, 360]
[268, 360]
[269, 361]
[270, 361]
[271, 362]
[272, 363]
[273, 363]
[274, 364]
[275, 364]
[276, 365]
[277, 366]
[278, 366]
[279, 367]
[280, 367]
[281, 368]
[282, 369]
[283, 369]
[284, 370]
[285, 370]
[286, 371]
[287, 372]
[288, 372]
[289, 373]
[290, 373]
[291, 374]
[292, 374]
[293, 375]
[294, 376]
[295, 376]
[296, 377]
[297, 377]
[298, 378]
[299, 378]
[300, 379]
[301, 379]
[302, 380]
[303, 380]
[304, 381]
[305, 382]
[306, 382]
[307, 383]
[308, 383]
[309, 384]
[310, 384]
[311, 384]
[313, 386]
[314, 386]
[315, 387]
[316, 387]
[317, 388]
[318, 388]
[319, 389]
[320, 389]
[321, 390]
[322, 390]
[323, 390]
[324, 391]
[325, 391]
[326, 392]
[327, 392]
[328, 393]
[329, 393]
[330, 394]
[331, 394]
[332, 394]
[333, 395]
[334, 395]
[335, 396]
[336, 396]
[337, 396]
[338, 397]
[339, 397]
[340, 397]
[341, 398]
[342, 398]
[343, 399]
[344, 399]
[345, 399]
[346, 400]
[347, 400]
[348, 400]
[349, 400]
[350, 401]
[351, 401]
[352, 401]
[353, 402]
[354, 402]
[355, 402]
[356, 402]
[357, 402]
[358, 403]
[359, 403]
[360, 403]
[361, 403]
[362, 403]
[363, 403]
[364, 404]
[365, 404]
[366, 404]
[367, 404]
[368, 404]
[369, 404]
[370, 404]
[371, 404]
[372, 404]
[373, 403]
[374, 403]
[375, 403]
[376, 403]
[377, 403]
[378, 402]
[379, 402]
[380, 402]
[381, 401]
[382, 400]
[383, 400]
[384, 399]
[385, 398]
[386, 397]
[387, 396]
[387, 395]
[388, 394]
[388, 393]
[389, 392]
[389, 391]
[389, 390]
[390, 389]
[390, 388]
[390, 387]
[390, 386]
[390, 385]
[391, 384]
[391, 383]
[391, 382]
[391, 381]
[391, 380]
[392, 379]
[392, 378]
[392, 377]
[393, 376]
[393, 375]
[394, 374]
[394, 373]
[395, 372]
[395, 371]
[396, 370]
[396, 369]
[397, 368]
[398, 367]
[398, 366]
[399, 365]
[400, 364]
[401, 363]
[402, 362]
[402, 361]
[403, 360]
[404, 359]
[405, 358]
[406, 357]
[407, 356]
[408, 355]
[409, 354]
[410, 353]
[411, 352]
[412, 351]
[413, 350]
[414, 350]
[415, 349]
[416, 348]
[417, 347]
[418, 346]
[419, 345]
[420, 345]
[421, 344]
[423, 342]
[424, 342]
[425, 341]
[426, 340]
[427, 339]
[428, 339]
[429, 338]
[430, 337]
[431, 337]
[432, 336]
[433, 335]
[434, 335]
[435, 334]
[436, 334]
[437, 333]
[438, 332]
[439, 332]
[440, 331]
[441, 331]
[442, 330]
[443, 329]
[444, 329]
[445, 328]
[446, 328]
[447, 327]
[448, 326]
[449, 326]
[450, 325]
[451, 325]
[452, 324]
[453, 324]
[454, 323]
[455, 323]
[456, 322]
[457, 321]
[458, 321]
[459, 320]
[460, 320]
[461, 319]
[462, 319]
[463, 318]
[464, 318]
[465, 317]
[466, 317]
[467, 316]
[468, 316]
[469, 315]
[470, 315]
[471, 314]
[472, 314]
[473, 313]
[474, 313]
[475, 312]
[476, 312]
[477, 311]
[478, 311]
[479, 310]
[480, 310]
[481, 310]
[482, 309]
[483, 309]
[484, 308]
[485, 308]
[486, 307]
[487, 307]
[488, 306]
[489, 306]
[490, 306]
[491, 305]
[492, 305]
[493, 304]
[494, 304]
[495, 303]
[496, 303]
[497, 302]
[498, 302]
[499, 302]
[500, 301]
[501, 301]
[502, 300]
[503, 300]
[504, 299]
[505, 299]
[506, 299]
[507, 298]
[508, 298]
[509, 297]
[510, 297]
[511, 297]
[512, 296]
[513, 296]
[514, 295]
[515, 295]
[516, 295]
[517, 294]
[518, 294]
[519, 293]
[520, 293]
[521, 293]
[522, 292]
[523, 292]
[524, 291]
[525, 291]
[526, 291]
[527, 290]
[528, 290]
[529, 289]
[530, 289]
[531, 289]
[532, 288]
[533, 288]
[534, 288]
[535, 287]
[536, 287]
[537, 286]
[538, 286]
[539, 286]
[540, 285]
[541, 285]
[542, 285]
[543, 284]
[544, 284]
[545, 283]
[546, 283]
[547, 283]
[548, 282]
[549, 282]
[550, 282]
[551, 281]
[552, 281]
[553, 281]
[554, 280]
[555, 280]
[556, 279]
[557, 279]
[558, 279]
[559, 278]
[560, 278]
[561, 278]
[562, 277]
[563, 277]
[564, 277]
[565, 276]
[566, 276]
[567, 276]
[568, 275]
[569, 275]
[570, 275]
[571, 274]
[572, 274]
[573, 274]
[574, 273]
[575, 273]
[576, 273]
[577, 272]
[578, 272]
[579, 272]
[580, 271]
[581, 271]
[582, 271]
[583, 270]
[584, 270]
[585, 270]
[586, 269]
[587, 269]
[588, 269]
[589, 268]
[590, 268]
[591, 268]
[592, 267]
[593, 267]
[594, 267]
[595, 266]
[596, 266]
[597, 266]
[598, 265]
[599, 265]
[600, 265]
[601, 264]
[602, 264]
[603, 264]
[604, 263]
[605, 263]
[606, 263]
[607, 262]
[608, 262]
[609, 262]
[610, 262]
[611, 261]
[612, 261]
[613, 261]
[614, 260]
[615, 260]
[616, 260]
[617, 259]
[618, 259]
[619, 259]
[620, 258]
[621, 258]
[622, 258]
[623, 257]
[624, 257]
[625, 257]
[626, 256]
[627, 256]
[628, 256]
[629, 256]
[630, 255]
[631, 255]
[632, 255]
[633, 254]
[634, 254]
[635, 254]
[636, 253]
[637, 253]
[638, 253]
[639, 253]
[640, 252]
[641, 252]
[642, 252]
[643, 251]
[644, 251]
[645, 251]
[646, 251]
[647, 250]
[648, 250]
[649, 250]
[650, 249]
[651, 249]
[652, 249]
[653, 248]
[654, 248]
[655, 248]
[656, 248]
[657, 247]
[658, 247]
[659, 247]
[660, 246]
[661, 246]
[662, 246]
[663, 246]
[664, 245]
[665, 245]
[666, 245]
[667, 244]
[668, 244]
[669, 244]
[670, 244]
[671, 243]
[672, 243]
[673, 243]
[674, 242]
[675, 242]
[676, 242]
[677, 241]
[678, 241]
[679, 241]
[680, 241]
[681, 240]
[682, 240]
[683, 240]
[684, 240]
[685, 239]
[686, 239]
[687, 239]
[688, 238]
[689, 238]
[690, 238]
[691, 238]
[692, 237]
[693, 237]
[694, 237]
[695, 237]
[696, 236]
[697, 236]
[698, 236]
[699, 235]
[700, 235]
[701, 235]
[702, 235]
[703, 234]
[704, 234]
[705, 234]
[706, 234]
[707, 233]
[708, 233]
[709, 233]
[710, 232]
[711, 232]
[712, 232]
[713, 232]
[714, 231]
[715, 231]
[716, 231]
[717, 231]
[718, 230]
[719, 230]
[720, 230]
[721, 229]
[722, 229]
[723, 229]
[724, 229]
[725, 228]
[726, 228]
[727, 228]
[728, 228]
[729, 227]
[730, 227]
[731, 227]
[732, 227]
[733, 226]
[734, 226]
[735, 226]
[736, 226]
[737, 225]
[738, 225]
[739, 225]
[740, 224]
[741, 224]
[742, 224]
[743, 224]
[744, 223]
[745, 223]
[746, 223]
[747, 223]
[748, 222]
[749, 222]
[750, 222]
[751, 222]
[752, 221]
[753, 221]
[754, 221]
[755, 221]
[756, 220]
[757, 220]
[758, 220]
[759, 220]
[760, 219]
[761, 219]
[762, 219]
[763, 219]
[764, 218]
[765, 218]
[766, 218]
[767, 218]
[768, 217]
[769, 217]
[770, 217]
[771, 217]
[772, 216]
[773, 216]
[774, 216]
[775, 216]
[776, 215]
[777, 215]
[778, 215]
[779, 215]
[780, 214]
[781, 214]
[782, 214]
[783, 214]
[784, 213]
[785, 213]
[786, 213]
[787, 213]
[788, 212]
[789, 212]
[790, 212]
[791, 212]
[792, 211]
[793, 211]
[794, 211]
[795, 210]
[796, 210]
[797, 210]
[798, 210]
[799, 210]
[800, 209]
[801, 209]
[802, 209]
[803, 209]
[804, 208]
[805, 208]
[806, 208]
[807, 208]
[808, 207]
[809, 207]
[810, 207]
[811, 207]
[812, 206]
[813, 206]
[814, 206]
[815, 206]
[816, 205]
[817, 205]
[818, 205]
[819, 205]
[820, 204]
[821, 204]
[822, 204]
[823, 204]
[824, 204]
[825, 203]
[826, 203]
[827, 203]
[828, 203]
[829, 202]
[830, 202]
[831, 202]
[832, 202]
[833, 201]
[834, 201]
[835, 201]
[836, 201]
[837, 200]
[838, 200]
[839, 200]
[840, 200]
[841, 200]
[842, 199]
[843, 199]
[844, 199]
[845, 199]
[846, 198]
[847, 198]
[848, 198]
[849, 198]
[850, 197]
[851, 197]
[852, 197]
[853, 197]
[854, 196]
[855, 196]
[856, 196]
[857, 196]
[858, 196]
[859, 195]
[860, 195]
[861, 195]
[862, 195]
[863, 194]
[864, 194]
[865, 194]
[866, 194]
[867, 193]
[868, 193]
[869, 193]
[870, 193]
[871, 192]
[872, 192]
[873, 193]
[873, 194]
[873, 195]
[874, 195]
[875, 194]
[876, 193]
[877, 193]
[878, 192]
[879, 191]
[879, 190]
