[253, 403]
[254, 404]
[255, 403]
[256, 402]
[257, 402]
[258, 401]
[259, 401]
[260, 400]
[261, 400]
[262, 400]
[263, 400]
[264, 399]
[265, 399]
[266, 400]
[267, 400]
[268, 400]
[269, 400]
[270, 400]
[271, 401]
[272, 401]
[273, 402]
[274, 402]
[275, 403]
[276, 403]
[277, 403]
[278, 404]
[279, 404]
[281, 406]
[282, 406]
[283, 407]
[284, 408]
[285, 408]
[286, 409]
[287, 410]
[288, 410]
[289, 411]
[290, 412]
[291, 412]
[292, 413]
[293, 414]
[294, 415]
[295, 415]
[296, 416]
[297, 417]
[298, 418]
[299, 418]
[300, 419]
[301, 420]
[302, 421]
[303, 422]
[304, 422]
[305, 423]
[306, 424]
[307, 425]
[308, 426]
[309, 427]
[310, 428]
[311, 428]
[312, 429]
[313, 430]
[314, 431]
[315, 432]
[316, 433]
[317, 434]
[318, 435]
[319, 435]
[320, 436]
[321, 437]
[322, 438]
[323, 439]
[324, 440]
[325, 441]
[326, 442]
[327, 443]
[328, 444]
[329, 445]
[330, 446]
[331, 447]
[332, 448]
[333, 449]
[334, 450]
[335, 451]
[336, 452]
[337, 453]
[338, 454]
[339, 455]
[340, 455]
[341, 456]
[342, 456]
[343, 455]
[340, 454]
[341, 453]
[342, 454]
[277, 359]
[278, 360]
[279, 361]
[280, 362]
[280, 363]
[281, 364]
[282, 365]
[283, 366]
[283, 367]
[284, 368]
[285, 369]
[286, 370]
[286, 371]
[287, 372]
[288, 373]
[288, 374]
[289, 375]
[290, 376]
[291, 377]
[291, 378]
[292, 379]
[293, 380]
[294, 381]
[294, 382]
[295, 383]
[296, 384]
[296, 385]
[297, 386]
[298, 387]
[299, 388]
[299, 389]
[300, 390]
[301, 391]
[301, 392]
[302, 392]
[224, 339]
[224, 340]
[224, 341]
[224, 342]
[224, 343]
[224, 344]
[224, 345]
[224, 346]
[224, 347]
[224, 348]
[224, 349]
[224, 350]
[224, 351]
[224, 352]
[224, 353]
[224, 354]
[224, 355]
[224, 356]
[224, 357]
[224, 358]
[224, 359]
[224, 360]
[224, 361]
[224, 362]
[224, 363]
[224, 364]
[224, 365]
[224, 366]
[224, 367]
[224, 368]
[224, 369]
[224, 370]
[224, 371]
[224, 372]
[224, 373]
[224, 374]
[224, 375]
[224, 376]
[224, 377]
[224, 378]
[224, 379]
[224, 380]
[224, 381]
[224, 382]
[224, 383]
[224, 384]
[224, 385]
[224, 386]
[224, 387]
[224, 388]
[224, 389]
[224, 390]
[224, 391]
[224, 392]
[224, 393]
[224, 394]
[224, 395]
[224, 396]
[224, 397]
[224, 398]
[224, 399]
[224, 400]
[224, 401]
[224, 402]
[224, 403]
[224, 404]
[224, 405]
[224, 406]
[224, 407]
[224, 408]
[224, 409]
[224, 410]
[224, 411]
[224, 412]
[224, 413]
[224, 414]
[224, 415]
[224, 416]
[224, 417]
[224, 418]
[224, 419]
[224, 420]
[224, 421]
[224, 422]
[224, 423]
[224, 424]
[224, 425]
[224, 426]
[224, 427]
[224, 428]
[224, 429]
[224, 430]
[224, 431]
[224, 432]
[224, 433]
[224, 434]
[224, 435]
[224, 436]
[224, 437]
[224, 438]
[224, 439]
[224, 440]
[224, 441]
[224, 442]
[224, 443]
[224, 444]
[224, 445]
[224, 446]
[224, 447]
[224, 448]
[224, 449]
[224, 450]
[224, 451]
[224, 452]
[224, 453]
[224, 454]
[224, 455]
[224, 456]
[224, 457]
[224, 458]
[224, 459]
[224, 460]
[224, 461]
[224, 462]
[224, 463]
[224, 464]
[224, 465]
[224, 466]
[224, 467]
[224, 468]
[224, 469]
[224, 470]
[224, 471]
[224, 472]
[224, 473]
[224, 474]
[252, 302]
[251, 303]
[250, 303]
[249, 304]
[248, 305]
[247, 306]
[247, 307]
[246, 308]
[246, 309]
[246, 310]
[246, 311]
[246, 312]
[246, 313]
[247, 314]
[247, 315]
[247, 316]
[248, 317]
[248, 318]
[249, 319]
[249, 320]
[250, 321]
[250, 322]
[251, 323]
[251, 324]
[252, 325]
[253, 326]
[253, 327]
[254, 328]
[255, 329]
[255, 330]
[256, 331]
[257, 332]
[257, 333]
[258, 334]
[259, 335]
[260, 336]
[261, 337]
[261, 338]
[262, 339]
[263, 340]
[264, 341]
[264, 342]
[265, 343]
[266, 344]
[267, 345]
[268, 346]
[268, 347]
[269, 348]
[270, 349]
[271, 350]
[271, 351]
[272, 352]
[273, 353]
[274, 354]
[274, 355]
[275, 356]
[276, 357]
